1
2
3
4
6
7
8
9
12
13
15
16
17
19
20
21
22
23
25
26
27
29
31
33
35
36
37
39
40
41
42
43
44
45
46
47
48
49
50
51
53
55
56
58
59
62
64
67
70
72
73
74
75
76
77
78
80
81
82
87
88
89
90
92
93
95
96
97
99
100
101
102
103
104
105
106
107
109
110
111
112
113
114
115
116
118
119
120
122
124
125
127
128
129
131
132
133
135
136
138
140
141
142
143
144
145
147
148
149
151
152
153
154
155
156
157
158
159
160
161
163
165
167
169
170
171
173
174
176
177
178
181
182
183
184
185
186
187
188
189
190
191
193
194
195
196
199
202
203
206
207
208
209
210
211
212
214
216
217
218
219
221
222
224
225
226
227
228
229
230
231
232
233
234
235
237
238
239
241
242
243
244
247
248
251
253
255
256
257
259
261
262
265
266
267
269
270
272
273
276
278
279
280
281
282
283
284
286
287
288
290
292
294
298
300
301
308
309
310
311
312
313
314
315
316
317
318
320
321
325
326
327
329
334
335
336
337
338
341
342
343
346
347
348
349
350
353
356
358
359
361
362
363
364
365
366
368
369
370
371
372
373
374
376
378
379
380
382
384
386
388
389
391
393
394
397
398
399
400
402
404
405
407
408
409
410
411
415
416
417
423
426
427
428
430
433
434
435
436
437
438
439
440
441
443
446
450
451
453
455
457
458
460
461
465
467
468
470
473
475
476
477
478
480
481
482
483
485
486
487
488
489
490
491
492
493
494
495
496
497
501
502
503
504
508
509
512
516
518
521
524
526
528
531
533
535
537
539
540
541
542
543
544
545
548
549
550
551
552
553
554
555
556
557
559
561
565
567
568
570
571
572
573
575
577
578
579
582
583
584
585
588
589
590
592
593
595
596
598
599
600
601
605
606
607
608
609
610
611
612
613
614
615
616
617
619
622
623
624
625
626
627
628
629
630
631
632
633
634
635
637
638
639
643
646
647
651
652
653
654
655
656
658
660
661
662
663
665
666
669
670
671
672
673
674
675
677
679
680
682
684
685
686
689
690
692
693
694
695
696
697
698
699
700
701
703
705
706
709
710
711
713
714
716
717
718
719
720
721
722
724
725
726
727
728
729
730
731
735
737
740
741
742
743
744
747
748
749
750
751
755
756
757
759
760
762
763
764
765
766
767
768
770
771
772
773
774
775
776
777
779
781
782
783
784
785
786
787
788
789
791
793
794
796
799
802
803
804
808
809
810
812
813
814
817
819
821
822
823
826
827
828
831
832
833
835
836
838
839
840
842
843
845
846
847
849
850
851
852
853
854
856
857
858
859
861
864
865
868
869
870
871
872
873
874
875
876
878
880
882
884
886
888
889
891
892
894
895
896
898
899
903
904
906
907
908
910
911
913
914
915
917
918
920
922
925
927
928
929
931
932
933
934
935
936
937
938
939
940
941
943
946
947
948
952
953
955
956
957
958
963
964
965
966
967
968
969
972
974
975
976
978
979
981
982
983
985
986
987
988
989
990
991
992
995
996
997
999
1001
1004
1005
1006
1007
1008
1010
1011
1012
1014
1015
1016
1017
1018
1019
1020
1021
1023
1024
1025
1026
1028
1029
1030
1031
1032
1033
1034
1035
1036
1037
1039
1040
1041
1042
1043
1044
1045
1048
1049
1051
1052
1053
1054
1055
1057
1058
1059
1060
1061
1064
1065
1066
1067
1068
1069
1070
1071
1072
1075
1078
1079
1084
1088
1089
1090
1091
1092
1094
1096
1098
1103
1105
1107
1110
1111
1112
1113
1114
1115
1117
1118
1121
1122
1123
1124
1125
1126
1127
1128
1130
1131
1132
1133
1134
1136
1137
1138
1139
1140
1141
1143
1144
1146
1147
1148
1149
1152
1153
1154
1155
1156
1157
1158
1159
1161
1164
1165
1166
1167
1168
1169
1170
1171
1173
1174
1175
1176
1177
1178
1179
1180
1182
1183
1184
1185
1186
1188
1189
1191
1192
1193
1194
1196
1197
1199
1200
1201
1202
1203
1205
1206
1207
1208
1209
1211
1212
1217
1218
1220
1221
1222
1223
1224
1226
1228
1229
1230
1232
1233
1234
1235
1236
1237
1238
1239
1240
1241
1242
1243
1245
1246
1247
1248
1249
1250
1251
1253
1256
1257
1258
1260
1261
1262
1263
1264
1265
1266
1267
1270
1271
1273
1279
1280
1281
1283
1284
1285
1291
1292
1294
1295
1296
1297
1298
1299
1300
1301
1302
1303
1304
1305
1306
1307
1308
1310
1311
1314
1315
1318
1319
1320
1322
1323
1324
1327
1328
1329
1330
1331
1333
1335
1337
1338
1339
1340
1342
1344
1346
1348
1351
1352
1353
1354
1355
1356
1357
1359
1360
1361
1362
1363
1364
1366
1368
1369
1371
1374
1375
1378
1380
1381
1383
1384
1387
1388
1389
1391
1393
1394
1395
1396
1397
1398
1399
1400
1401
1402
1404
1407
1408
1409
1410
1412
1413
1414
1417
1418
1419
1420
1421
1422
1423
1426
1429
1431
1434
1435
1436
1437
1439
1440
1441
1442
1443
1444
1445
1446
1447
1448
1450
1451
1452
1456
1457
1459
1460
1461
1462
1463
1465
1467
1468
1469
1470
1471
1472
1473
1475
1476
1477
1479
1480
1481
1482
1483
1484
1486
1487
1488
1489
1490
1491
1492
1494
1497
1499
1502
1503
1504
1505
1506
1507
1508
1510
1511
1513
1514
1518
1519
1520
1521
1523
1525
1526
1527
1528
1529
1530
1532
1533
1534
1535
1536
1537
1539
1540
1542
1543
1546
1547
1548
1550
1553
1554
1556
1557
1562
1563
1564
1566
1567
1568
1569
1570
1571
1573
1575
1576
1577
1578
1580
1582
1583
1584
1587
1589
1590
1591
1593
1597
1599
1602
1603
1604
1605
1606
1607
1608
1609
1610
1611
1613
1614
1616
1617
1618
1619
1621
1622
1624
1625
1626
1627
1628
1629
1631
1632
1633
1634
1635
1637
1638
1639
1640
1641
1643
1644
1645
1646
1647
1651
1652
1654
1655
1658
1660
1663
1664
1665
1666
1667
1668
1670
1672
1673
1680
1681
1685
1686
1691
1692
1693
1694
1697
1698
1701
1703
1704
1706
1707
1708
1710
1711
1712
1713
1714
1717
1719
1721
1722
1723
1724
1725
1727
1728
1729
1731
1733
1737
1738
1739
1740
1742
1743
1744
1745
1747
1749
1750
1751
1752
1754
1755
1756
1757
1758
1759
1760
1761
1762
1763
1765
1766
1767
1768
1769
1772
1773
1774
1775
1777
1779
1780
1781
1782
1784
1785
1788
1790
1791
1792
1793
1794
1795
1796
1797
1798
1799
1801
1802
1803
1804
1806
1807
1808
1809
1812
1813
1815
1817
1818
1821
1823
1825
1827
1828
1829
1831
1832
1833
1834
1836
1837
1838
1839
1840
1841
1842
1847
1851
1853
1854
1855
1857
1858
1860
1863
1865
1866
1868
1869
1870
1873
1874
1876
1877
1879
1880
1881
1883
1884
1885
1886
1888
1889
1890
1891
1892
1897
1898
1899
1900
1901
1902
1903
1904
1905
1906
1909
1910
1912
1914
1915
1917
1918
1920
1921
1922
1923
1924
1925
1927
1928
1929
1930
1931
1932
1933
1934
1935
1936
1938
1939
1942
1943
1944
1947
1948
1949
1950
1952
1954
1955
1956
1957
1958
1959
1960
1962
1965
1966
1967
1969
1970
1972
1973
1975
1976
1977
1981
1982
1983
1984
1985
1986
1988
1989
1990
1992
1994
1995
1996
1997
1998
1999
2000
2001
2003
2005
2006
2007
2012
2013
2014
2015
2016
2018
2019
2020
2021
2022
2024
2025
2027
2029
2030
2031
2034
2035
2036
2037
2038
2039
2040
2041
2042
2043
2044
2045
2047
2049
2050
2051
2052
2053
2055
2056
2061
2062
2064
2065
2066
2068
2069
2070
2071
2075
2076
2077
2078
2079
2080
2081
2084
2085
2086
2089
2090
2093
2098
2099
2100
2102
2104
2107
2108
2110
2111
2113
2114
2115
2116
2117
2118
2119
2120
2121
2122
2123
2126
2128
2129
2130
2131
2132
2134
2135
2136
2138
2139
2140
2142
2144
2145
2147
2148
2151
2154
2157
2158
2160
2161
2162
2163
2164
2165
2166
2167
2169
2170
2171
2172
2174
2175
2177
2178
2179
2180
2182
2183
2184
2185
2186
2187
2189
2192
2193
2194
2195
2198
2199
2200
2202
2203
2204
2205
2207
2208
2211
2212
2213
2214
2215
2217
2220
2221
2223
2224
2228
2229
2231
2232
2233
2234
2235
2236
2237
2238
2239
2244
2245
2246
2247
2252
2253
2254
2255
2256
2257
2258
2259
2260
2261
2262
2265
2266
2268
2269
2270
2271
2272
2273
2274
2275
2276
2277
2278
2279
2280
2282
2285
2286
2289
2290
2291
2292
2294
2297
2298
2299
2301
2302
2304
2305
2306
2307
2308
2309
2310
2311
2313
2316
2317
2318
2319
2322
2323
2324
2327
2328
2329
2331
2332
2334
2335
2336
2337
2338
2341
2342
2343
2345
2346
2347
2349
2350
2351
2353
2354
2355
2357
2358
2359
2360
2361
2362
2364
2365
2366
2367
2370
2372
2373
2374
2375
2376
2377
2379
2380
2381
2382
2383
2385
2386
2388
2391
2392
2393
2394
2397
2398
2399
2405
2406
2407
2408
2410
2414
2418
2419
2420
2423
2424
2426
2427
2428
2430
2431
2432
2433
2434
2435
2436
2437
2438
2439
2441
2442
2443
2445
2446
2447
2448
2449
2451
2452
2453
2454
2455
2456
2458
2459
2461
2462
2463
2466
2467
2468
2472
2474
2478
2479
2484
2486
2489
2490
2491
2492
2493
2494
2495
2496
2497
2498
2499
2500
2501
2502
2505
2506
2507
2508
2510
2511
2512
2513
2515
2516
2518
2519
2520
2521
2522
2524
2525
2526
2527
2528
2529
2530
2532
2533
2534
2535
2536
2537
2538
2540
2541
2542
2546
2547
2549
2550
2551
2554
2556
2557
2558
2559
2560
2561
2562
2563
2564
2565
2566
2567
2568
2569
2570
2571
2572
2573
2574
2575
2576
2579
2580
2581
2584
2585
2588
2589
2591
2592
2593
2595
2596
2597
2598
2599
2601
2602
2603
2606
2607
2609
2610
2611
2612
2614
2615
2620
2624
2626
2627
2628
2629
2630
2634
2636
2637
2639
2640
2641
2643
2644
2645
2647
2648
2649
2650
2651
2652
2653
2654
2655
2656
2657
2659
2664
2665
2667
2669
2670
2671
2672
2673
2674
2675
2676
2677
2678
2680
2682
2683
2684
2685
2686
2688
2689
2690
2691
2693
2694
2696
2697
2698
2699
2700
2701
2704
2706
2707
2709
2712
2713
2715
2716
2717
2718
2719
2720
2721
2723
2724
2725
2727
2728
2729
2730
2731
2732
2733
2734
2735
2740
2741
2744
2745
2748
2749
2750
2751
2753
2756
2757
2760
2761
2762
2763
2765
2767
2768
2769
2770
2771
2772
2773
2774
2779
2780
2781
2783
2784
2785
2787
2788
2789
2791
2794
2795
2797
2800
2801
2802
2803
2804
2808
2809
2811
2812
2813
2816
2817
2818
2819
2820
2822
2824
2826
2829
2831
2832
2833
2835
2836
2837
2838
2840
2841
2842
2844
2845
2846
2847
2850
2851
2852
2853
2855
2856
2857
2859
2860
2861
2863
2864
2865
2866
2870
2871
2875
2877
2878
2879
2881
2882
2883
2884
2885
2886
2887
2888
2890
2891
2892
2894
2895
2896
2897
2898
2899
2900
2901
2902
2903
2904
2906
2907
2908
2912
2913
2915
2916
2919
2920
2921
2922
2923
2924
2926
2927
2928
2929
2930
2931
2932
2933
2934
2936
2937
2940
2941
2942
2943
2944
2945
2946
2948
2951
2952
2954
2956
2959
2961
2962
2963
2966
2967
2968
2969
2970
2972
2973
2974
2976
2977
2978
2979
2980
2981
2982
2983
2984
2991
2993
2994
2996
2997
2998
3000
3002
3004
3007
3008
3009
3012
3015
3020
3021
3023
3025
3026
3027
3028
3030
3031
3032
3033
3034
3035
3037
3038
3039
3041
3043
3044
3047
3050
3051
3052
3053
3055
3056
3058
3060
3061
3062
3063
3064
3065
3068
3070
3071
3073
3074
3075
3077
3078
3081
3082
3083
3084
3086
3087
3088
3090
3091
3092
3093
3094
3095
3096
3097
3099
3100
3101
3105
3106
3107
3108
3109
3110
3111
3113
3114
3115
3116
3120
3121
3123
3124
3125
3126
3127
3130
3135
3136
3137
3139
3140
3141
3142
3143
3144
3145
3146
3147
3148
3149
3150
3151
3152
3153
3154
3155
3159
3160
3161
3162
3164
3165
3166
3167
3168
3169
3171
3172
3173
3174
3176
3177
3179
3180
3181
3182
3185
3186
3188
3190
3191
3192
3193
3194
3195
3197
3198
3199
3200
3201
3202
3203
3204
3206
3207
3209
3210
3211
3212
3213
3214
3216
3217
3219
3220
3221
3222
3224
3225
3229
3230
3231
3234
3236
3237
3238
3239
3240
3242
3243
3244
3248
3249
3250
3254
3255
3256
3257
3258
3260
3261
3265
3267
3269
3273
3274
3275
3278
3282
3284
3285
3286
3287
3288
3289
3290
3291
3292
3293
3294
3295
3296
3297
3298
3299
3300
3301
3304
3305
3306
3307
3308
3309
3310
3311
3312
3314
3315
3316
3317
3318
3323
3324
3325
3326
3327
3328
3329
3331
3332
3335
3336
3337
3338
3339
3341
3342
3343
3344
3345
3347
3348
3349
3350
3351
3353
3354
3356
3357
3360
3361
3362
3365
3366
3367
3371
3372
3373
3378
3379
3380
3382
3383
3384
3385
3386
3388
3389
3390
3391
3392
3393
3394
3395
3396
3397
3399
3401
3403
3404
3405
3406
3408
3409
3410
3411
3412
3416
3418
3420
3421
3423
3424
3428
3429
3430
3431
3432
3433
3434
3435
3437
3438
3439
3440
3441
3442
3443
3445
3447
3448
3451
3453
3454
3455
3456
3457
3458
3460
3461
3462
3463
3465
3466
3467
3468
3469
3470
3471
3473
3476
3477
3478
3479
3480
3481
3482
3485
3486
3488
3489
3490
3491
3492
3493
3494
3497
3499
3501
3502
3503
3504
3505
3506
3509
3510
3513
3514
3515
3516
3520
3522
3524
3525
3526
3527
3528
3529
3531
3532
3533
3534
3535
3539
3540
3541
3542
3543
3544
3545
3546
3547
3548
3552
3553
3554
3557
3558
3560
3562
3564
3566
3567
3568
3569
3570
3571
3572
3573
3575
3576
3577
3578
3579
3580
3581
3582
3584
3585
3586
3588
3589
3591
3592
3594
3595
3598
3599
3600
3602
3603
3604
3605
3606
3607
3608
3609
3610
3611
3612
3614
3615
3617
3618
3620
3621
3622
3623
3625
3627
3628
3630
3631
3632
3633
3634
3638
3639
3640
3641
3642
3645
3646
3647
3648
3650
3653
3654
3656
3659
3660
3661
3663
3664
3668
3670
3671
3672
3674
3675
3676
3678
3680
3681
3683
3684
3686
3687
3689
3690
3691
3692
3694
3695
3696
3697
3699
3701
3703
3704
3705
3706
3707
3708
3709
3710
3711
3712
3713
3714
3715
3716
3717
3718
3719
3720
3721
3722
3723
3726
3727
3728
3729
3732
3733
3734
3736
3737
3739
3740
3741
3742
3744
3745
3746
3748
3749
3755
3756
3757
3758
3759
3761
3762
3763
3764
3766
3767
3769
3771
3772
3775
3776
3778
3780
3781
3782
3783
3784
3786
3787
3788
3789
3791
3792
3794
3795
3796
3797
3798
3801
3802
3803
3804
3805
3806
3808
3809
3810
3811
3812
3814
3815
3816
3818
3820
3823
3824
3827
3830
3831
3832
3834
3835
3837
3838
3839
3840
3841
3843
3844
3846
3847
3848
3849
3850
3851
3852
3853
3854
3856
3857
3859
3860
3861
3862
3863
3864
3866
3867
3869
3870
3871
3873
3874
3875
3876
3877
3878
3879
3881
3882
3883
3885
3886
3887
3888
3889
3890
3891
3892
3893
3894
3895
3896
3898
3900
3901
3902
3904
3905
3906
3907
3908
3910
3911
3916
3918
3920
3921
3923
3924
3926
3928
3929
3930
3931
3932
3933
3934
3935
3936
3938
3939
3940
3941
3942
3943
3944
3945
3946
3947
3948
3949
3950
3951
3952
3953
3954
3955
3956
3958
3959
3961
3963
3964
3965
3968
3969
3970
3971
3972
3973
3974
3975
3976
3977
3978
3979
3980
3982
3984
3985
3987
3988
3989
3990
3993
3995
3996
3998
4000
4001
4002
4003
4004
4006
4009
4012
4013
4014
4015
4016
4017
4019
4020
4021
4023
4024
4025
4027
4028
4029
4031
4032
4033
4036
4037
4039
4040
4041
4042
4043
4044
4045
4046
4047
4048
4050
4051
4052
4053
4056
4057
4058
4059
4060
4063
4069
4071
4073
4074
4077
4078
4081
4083
4085
4086
4089
4090
4091
4092
4093
4094
4095
4096
4098
4100
4101
4102
4103
4104
4108
4110
4111
4112
4114
4115
4116
4117
4120
4121
4123
4124
4126
4127
4129
4130
4131
4135
4136
4137
4138
4139
4140
4142
4144
4145
4146
4147
4148
4149
4150
4151
4152
4153
4154
4156
4157
4158
4159
4160
4161
4163
4164
4165
4166
4168
4169
4171
4173
4175
4176
4179
4180
4181
4183
4187
4188
4189
4190
4191
4192
4193
4194
4196
4197
4198
4201
4206
4209
4210
4211
4212
4214
4215
4216
4218
4220
4221
4222
4223
4226
4227
4230
4232
4234
4236
4237
4238
4239
4241
4243
4244
4245
4246
4248
4249
4250
4251
4252
4253
4254
4255
4256
4258
4260
4261
4262
4264
4265
4268
4270
4271
4272
4273
4274
4276
4277
4278
4279
4282
4284
4286
4287
4288
4289
4290
4291
4293
4294
4295
4296
4298
4299
4300
4303
4304
4305
4306
4308
4309
4310
4311
4312
4315
4316
4317
4318
4319
4321
4322
4323
4324
4327
4330
4331
4332
4334
4335
4336
4337
4338
4340
4341
4342
4343
4344
4348
4351
4352
4353
4354
4355
4358
4359
4360
4362
4363
4364
4365
4367
4368
4369
4372
4373
4374
4375
4376
4377
4380
4381
4382
4384
4386
4387
4388
4389
4390
4391
4392
4393
4395
4396
4398
4400
4401
4403
4404
4405
4406
4407
4408
4409
4410
4412
4413
4414
4415
4416
4417
4422
4423
4424
4425
4426
4427
4428
4429
4430
4431
4432
4433
4434
4435
4436
4439
4442
4443
4444
4446
4448
4450
4451
4452
4453
4454
4455
4456
4458
4459
4460
4461
4462
4464
4467
4468
4469
4471
4472
4475
4476
4477
4478
4481
4483
4484
4485
4486
4487
4488
4489
4490
4491
4493
4495
4496
4497
4498
4499
4500
4501
4503
4505
4507
4508
4509
4510
4511
4514
4515
4516
4517
4518
4519
4520
4521
4522
4523
4525
4529
4531
4532
4533
4535
4536
4537
4539
4542
4543
4544
4546
4547
4548
4549
4550
4551
4552
4553
4555
4556
4557
4558
4559
4562
4563
4564
4565
4569
4571
4572
4573
4574
4575
4576
4577
4578
4580
4581
4584
4585
4588
4589
4590
4592
4595
4596
4599
4603
4604
4605
4606
4607
4609
4610
4611
4612
4613
4614
4615
4616
4618
4621
4622
4623
4624
4625
4626
4628
4629
4630
4631
4632
4633
4634
4635
4637
4638
4639
4640
4641
4643
4644
4646
4648
4649
4650
4651
4652
4653
4654
4655
4658
4659
4660
4662
4664
4665
4666
4667
4668
4669
4670
4671
4672
4674
4675
4677
4678
4679
4681
4682
4683
4684
4689
4693
4694
4695
4698
4699
4700
4701
4702
4703
4704
4706
4707
4708
4709
4710
4711
4713
4714
4715
4720
4721
4722
4723
4725
4726
4727
4728
4729
4731
4732
4733
4734
4735
4736
4737
4738
4741
4744
4748
4750
4751
4752
4754
4755
4757
4758
4759
4760
4762
4763
4764
4765
4767
4768
4769
4770
4771
4773
4774
4775
4776
4778
4779
4781
4782
4783
4785
4786
4787
4789
4793
4794
4796
4798
4799
4800
4801
4802
4805
4806
4808
4810
4812
4813
4815
4818
4822
4823
4825
4827
4828
4829
4831
4832
4833
4835
4836
4837
4838
4839
4840
4841
4843
4844
4845
4847
4848
4849
4851
4853
4854
4856
4857
4858
4859
4860
4861
4862
4863
4865
4866
4867
4868
4869
4870
4871
4872
4873
4874
4878
4879
4880
4881
4882
4883
4884
4885
4887
4888
4889
4890
4891
4892
4893
4894
4895
4896
4897
4898
4900
4901
4903
4904
4905
4906
4908
4909
4911
4913
4914
4916
4917
4919
4920
4921
4922
4924
4925
4926
4927
4928
4929
4930
4931
4932
4935
4936
4937
4939
4942
4943
4945
4946
4947
4948
4950
4951
4952
4953
4954
4955
4957
4958
4959
4960
4961
4963
4965
4967
4970
4971
4973
4975
4976
4977
4978
4979
4980
4981
4982
4983
4984
4985
4986
4987
4990
4991
4992
4994
4995
4996
4997
4998
4999
5001
5003
5006
5007
5008
5009
5010
5014
5015
5018
5020
5021
5022
5025
5027
5032
5033
5035
5037
5039
5042
5043
5045
5046
5047
5048
5049
5052
5053
5054
5057
5058
5060
5061
5063
5065
5066
5068
5069
5070
5071
5072
5073
5074
5075
5076
5078
5080
5081
5082
5083
5084
5086
5087
5088
5089
5091
5093
5094
5095
5096
5097
5098
5099
5100
5101
5103
5105
5106
5107
5109
5110
5112
5113
5114
5115
5116
5117
5119
5120
5122
5123
5124
5125
5126
5127
5128
5129
5130
5134
5135
5137
5138
5141
5142
5145
5146
5148
5149
5150
5151
5152
5154
5156
5159
5160
5161
5162
5163
5164
5167
5169
5170
5171
5172
5173
5174
5175
5176
5177
5178
5180
5182
5184
5191
5195
5197
5199
5200
5201
5202
5203
5205
5206
5207
5208
5209
5210
5211
5212
5213
5214
5215
5216
5217
5218
5219
5222
5223
5224
5225
5226
5227
5228
5229
5230
5233
5235
5237
5238
5241
5242
5243
5245
5246
5249
5252
5254
5255
5256
5259
5261
5262
5263
5264
5265
5266
5268
5270
5271
5272
5273
5275
5276
5277
5278
5280
5281
5283
5284
5285
5288
5289
5290
5291
5292
5293
5294
5295
5296
5297
5298
5299
5300
5301
5302
5303
5304
5305
5306
5307
5308
5309
5310
5312
5313
5316
5317
5319
5320
5324
5325
5326
5327
5328
5329
5330
5331
5333
5334
5335
5336
5337
5338
5339
5340
5341
5342
5343
5345
5346
5347
5349
5352
5353
5354
5356
5357
5358
5359
5360
5361
5362
5364
5365
5366
5367
5368
5369
5371
5372
5373
5375
5377
5378
5379
5380
5381
5382
5383
5385
5386
5387
5388
5389
5390
5391
5392
5394
5395
5396
5397
5401
5403
5405
5406
5407
5408
5409
5411
5413
5414
5415
5416
5417
5418
5421
5422
5424
5426
5427
5429
5430
5431
5433
5436
5437
5438
5441
5442
5443
5444
5447
5449
5453
5455
5456
5457
5458
5460
5461
5462
5463
5464
5465
5466
5467
5468
5469
5470
5471
5473
5475
5476
5478
5480
5481
5482
5483
5484
5485
5486
5487
5488
5489
5490
5491
5492
5493
5494
5495
5496
5497
5498
5499
5501
5504
5507
5508
5509
5510
5511
5514
5515
5516
5517
5518
5519
5520
5521
5522
5524
5525
5527
5528
5529
5530
5532
5533
5534
5535
5536
5537
5538
5539
5540
5541
5542
5543
5545
5546
5547
5548
5549
5550
5552
5553
5554
5555
5556
5559
5560
5561
5563
5564
5565
5566
5567
5568
5569
5570
5571
5573
5576
5577
5581
5584
5585
5587
5588
5589
5590
5591
5592
5594
5595
5597
5598
5602
5604
5605
5606
5607
5609
5610
5612
5613
5616
5617
5618
5620
5621
5623
5624
5625
5628
5630
5631
5633
5635
5636
5638
5640
5641
5642
5643
5644
5645
5646
5648
5651
5653
5654
5655
5656
5658
5659
5660
5662
5663
5664
5665
5666
5667
5669
5670
5673
5676
5677
5678
5679
5681
5682
5683
5685
5686
5687
5690
5691
5695
5696
5697
5698
5699
5702
5704
5705
5707
5708
5709
5710
5712
5714
5715
5716
5717
5719
5720
5722
5723
5724
5725
5726
5727
5729
5731
5732
5733
5734
5735
5736
5737
5739
5740
5741
5742
5744
5747
5750
5751
5752
5753
5754
5755
5757
5759
5760
5762
5763
5766
5767
5771
5772
5774
5775
5776
5777
5778
5779
5780
5782
5783
5785
5786
5788
5791
5792
5794
5797
5798
5799
5801
5802
5805
5809
5810
5812
5813
5816
5818
5819
5822
5823
5824
5826
5827
5828
5829
5832
5833
5834
5835
5836
5837
5840
5842
5844
5846
5848
5849
5850
5852
5853
5854
5855
5856
5857
5859
5861
5863
5864
5866
5867
5869
5870
5872
5873
5874
5875
5876
5877
5878
5879
5880
5881
5882
5883
5885
5886
5887
5888
5889
5891
5892
5893
5895
5896
5897
5898
5899
5900
5901
5902
5904
5905
5906
5908
5909
5910
5911
5912
5913
5918
5919
5920
5921
5922
5923
5924
5926
5929
5930
5931
5933
5935
5938
5939
5940
5941
5942
5943
5945
5946
5947
5950
5951
5953
5957
5958
5959
5960
5963
5965
5966
5967
5969
5970
5971
5972
5973
5974
5975
5978
5979
5981
5982
5983
5987
5988
5989
5990
5991
5992
5993
5994
5997
5998
5999
6000
6001
6002
6003
6004
6005
6006
6008
6010
6011
6012
6013
6014
6015
6016
6017
6018
6020
6021
6022
6023
6024
6025
6027
6029
6030
6031
6032
6033
6034
6035
6037
6038
6040
6041
6042
6044
6045
6047
6048
6049
6052
6054
6056
6057
6058
6061
6062
6063
6064
6065
6066
6067
6068
6069
6070
6071
6073
6075
6077
6078
6079
6080
6081
6082
6083
6084
6085
6086
6087
6088
6091
6092
6093
6094
6095
6096
6099
6100
6101
6102
6103
6104
6105
6106
6107
6108
6109
6110
6111
6114
6117
6118
6119
6121
6124
6125
6130
6131
6132
6134
6135
6136
6137
6138
6139
6140
6141
6143
6144
6145
6146
6147
6148
6149
6150
6151
6152
6153
6154
6156
6159
6160
6161
6162
6163
6164
6166
6167
6168
6170
6171
6172
6174
6176
6178
6179
6180
6181
6182
6183
6184
6185
6186
6188
6189
6190
6191
6192
6193
6194
6196
6198
6199
6200
6201
6202
6203
6204
6205
6206
6207
6212
6213
6218
6219
6220
6221
6225
6226
6227
6229
6232
6233
6235
6236
6237
6238
6239
6240
6241
6243
6247
6248
6249
6250
6251
6252
6254
6255
6258
6259
6260
6261
6262
6263
6265
6266
6267
6268
6269
6270
6271
6272
6273
6274
6275
6277
6279
6281
6282
6283
6284
6285
6286
6288
6289
6290
6291
6292
6293
6294
6295
6296
6297
6298
6299
6301
6302
6303
6304
6307
6308
6309
6310
6313
6314
6315
6316
6318
6319
6320
6322
6323
6324
6326
6327
6328
6329
6330
6331
6333
6334
6336
6337
6338
6339
6341
6342
6343
6344
6346
6349
6350
6351
6353
6354
6355
6357
6358
6359
6361
6362
6363
6364
6366
6367
6369
6372
6373
6374
6375
6379
6380
6381
6382
6384
6385
6386
6388
6389
6391
6392
6393
6394
6395
6397
6398
6399
6400
6401
6402
6403
6406
6408
6409
6411
6413
6414
6415
6416
6417
6418
6419
6420
6421
6423
6427
6428
6433
6438
6442
6443
6444
6446
6447
6448
6451
6452
6453
6457
6458
6460
6462
6463
6464
6465
6466
6467
6468
6469
6470
6472
6473
6475
6476
6478
6479
6480
6483
6484
6485
6486
6487
6489
6490
6492
6493
6495
6499
6500
6501
6503
6505
6506
6507
6510
6511
6512
6513
6514
6515
6516
6517
6518
6519
6520
6521
6523
6527
6528
6531
6533
6536
6537
6539
6540
6541
6542
6543
6544
6545
6546
6547
6548
6549
6550
6551
6553
6555
6556
6559
6561
6562
6563
6564
6568
6570
6571
6572
6573
6576
6580
6581
6583
6587
6590
6591
6592
6593
6595
6596
6597
6598
6601
6602
6604
6606
6608
6609
6610
6611
6612
6614
6624
6625
6626
6627
6628
6629
6630
6631
6633
6634
6635
6636
6637
6639
6643
6644
6645
6646
6647
6648
6650
6651
6652
6653
6655
6659
6660
6661
6662
6663
6664
6665
6668
6669
6670
6671
6672
6674
6675
6677
6678
6679
6680
6681
6682
6684
6685
6687
6688
6689
6690
6693
6694
6695
6697
6698
6699
6700
6701
6702
6704
6705
6706
6707
6708
6710
6712
6713
6716
6718
6719
6720
6721
6722
6724
6727
6728
6729
6732
6733
6734
6736
6737
6740
6741
6742
6744
6745
6746
6749
6752
6753
6754
6755
6756
6757
6760
6763
6765
6766
6767
6768
6769
6770
6772
6773
6774
6777
6778
6779
6780
6781
6782
6783
6784
6787
6789
6791
6792
6794
6795
6796
6797
6799
6800
6802
6803
6805
6806
6807
6808
6810
6811
6812
6813
6815
6817
6818
6819
6820
6821
6822
6823
6824
6826
6827
6829
6832
6833
6835
6836
6837
6839
6841
6842
6843
6844
6846
6847
6848
6849
6850
6851
6852
6853
6854
6856
6857
6859
6863
6864
6865
6866
6867
6868
6869
6872
6875
6876
6880
6882
6884
6885
6887
6888
6890
6892
6894
6895
6896
6898
6899
6902
6903
6905
6906
6908
6912
6918
6919
6921
6922
6923
6924
6926
6927
6928
6929
6931
6932
6933
6934
6935
6938
6941
6943
6947
6949
6950
6951
6953
6954
6955
6956
6957
6959
6960
6961
6962
6964
6965
6967
6969
6970
6973
6974
6976
6977
6978
6979
6981
6982
6984
6986
6991
6992
6993
6994
6996
6997
6998
7000
7002
7003
7004
7005
7006
7010
7011
7013
7016
7019
7020
7022
7023
7024
7028
7029
7030
7031
7032
7033
7034
7035
7039
7041
7042
7044
7045
7046
7047
7048
7053
7054
7055
7056
7057
7058
7059
7060
7061
7062
7065
7067
7068
7072
7073
7074
7075
7076
7078
7079
7080
7081
7082
7084
7085
7086
7089
7091
7093
7096
7097
7098
7099
7100
7101
7102
7105
7106
7107
7108
7109
7110
7111
7112
7113
7115
7116
7117
7119
7121
7122
7124
7126
7127
7128
7129
7130
7131
7132
7133
7134
7135
7137
7138
7139
7140
7143
7144
7145
7146
7147
7149
7150
7151
7153
7154
7155
7156
7157
7160
7161
7162
7165
7167
7169
7170
7171
7172
7173
7174
7176
7177
7178
7179
7180
7181
7182
7183
7184
7185
7186
7187
7188
7189
7191
7193
7195
7197
7198
7199
7201
7202
7203
7204
7205
7206
7207
7208
7209
7210
7212
7214
7216
7217
7220
7221
7224
7225
7226
7228
7229
7230
7231
7232
7236
7237
7240
7241
7242
7243
7244
7246
7247
7248
7249
7252
7253
7254
7255
7256
7257
7259
7260
7261
7262
7269
7270
7271
7272
7273
7274
7275
7277
7279
7280
7281
7282
7283
7284
7285
7286
7288
7289
7292
7293
7294
7295
7296
7298
7299
7300
7301
7302
7303
7305
7308
7311
7312
7313
7314
7315
7317
7318
7319
7320
7321
7323
7324
7325
7327
7328
7329
7331
7332
7335
7337
7340
7341
7343
7344
7345
7346
7347
7349
7350
7353
7355
7357
7358
7359
7360
7361
7362
7363
7367
7369
7370
7371
7372
7375
7376
7380
7381
7382
7383
7385
7386
7388
7390
7391
7392
7395
7396
7397
7398
7401
7402
7403
7404
7405
7406
7407
7408
7409
7412
7414
7415
7416
7417
7419
7420
7421
7422
7423
7424
7425
7428
7429
7430
7433
7434
7435
7436
7437
7438
7439
7443
7444
7445
7446
7447
7448
7449
7450
7451
7452
7453
7454
7455
7457
7458
7462
7463
7464
7465
7466
7468
7469
7471
7473
7476
7477
7479
7480
7482
7483
7484
7485
7486
7488
7489
7490
7491
7494
7495
7497
7498
7499
7500
7501
7502
7503
7504
7505
7506
7508
7509
7510
7511
7514
7515
7516
7517
7518
7523
7524
7526
7527
7528
7530
7532
7533
7536
7537
7538
7539
7540
7541
7543
7544
7545
7546
7547
7548
7549
7550
7551
7552
7555
7556
7559
7560
7561
7562
7563
7565
7566
7567
7569
7570
7571
7572
7573
7574
7575
7577
7578
7579
7580
7582
7583
7586
7587
7588
7589
7592
7593
7594
7595
7596
7598
7599
7601
7604
7605
7606
7607
7608
7609
7610
7611
7613
7614
7615
7616
7617
7619
7625
7626
7627
7630
7631
7633
7636
7638
7639
7640
7641
7643
7646
7648
7649
7650
7651
7652
7653
7654
7655
7659
7660
7661
7662
7663
7664
7665
7667
7668
7671
7672
7674
7675
7676
7677
7678
7679
7680
7683
7684
7685
7686
7687
7689
7690
7691
7693
7695
7697
7699
7700
7702
7703
7706
7707
7708
7709
7711
7713
7714
7715
7718
7719
7720
7721
7725
7726
7727
7728
7729
7730
7732
7733
7734
7735
7737
7738
7739
7741
7742
7745
7746
7747
7748
7750
7751
7752
7753
7755
7757
7758
7761
7763
7765
7767
7769
7771
7773
7774
7775
7776
7778
7779
7780
7781
7782
7783
7785
7786
7787
7790
7791
7792
7793
7794
7795
7796
7797
7799
7802
7803
7806
7807
7809
7810
7811
7812
7813
7814
7815
7816
7817
7818
7819
7822
7823
7824
7826
7827
7828
7829
7830
7831
7832
7833
7834
7840
7843
7845
7846
7847
7848
7849
7850
7851
7853
7854
7855
7857
7858
7859
7861
7862
7863
7864
7865
7868
7870
7872
7874
7875
7878
7880
7881
7882
7884
7886
7888
7889
7891
7892
7893
7894
7896
7898
7899
7900
7902
7903
7904
7905
7906
7907
7910
7912
7913
7914
7915
7917
7918
7919
7920
7922
7923
7924
7926
7927
7928
7929
7930
7932
7934
7935
7936
7937
7938
7939
7940
7941
7943
7944
7945
7946
7947
7949
7950
7951
7952
7953
7954
7955
7956
7958
7961
7963
7965
7966
7969
7970
7971
7973
7978
7980
7981
7982
7983
7984
7985
7986
7987
7989
7991
7992
7994
7995
7996
7997
7998
7999
8000
8002
8004
8005
8006
8007
8011
8012
8014
8015
8016
8017
8018
8020
8023
8024
8025
8027
8029
8032
8033
8034
8035
8036
8037
8040
8041
8042
8043
8044
8045
8048
8049
8050
8052
8053
8054
8055
8056
8058
8060
8061
8062
8065
8067
8068
8069
8070
8071
8072
8073
8074
8075
8078
8079
8080
8082
8084
8086
8087
8088
8089
8090
8093
8094
8095
8097
8098
8099
8101
8102
8103
8104
8105
8106
8107
8108
8109
8110
8111
8112
8113
8115
8116
8117
8118
8119
8121
8122
8123
8124
8125
8126
8128
8129
8130
8131
8132
8133
8134
8135
8136
8140
8141
8142
8143
8144
8147
8148
8150
8151
8155
8156
8157
8159
8162
8164
8166
8167
8168
8170
8171
8173
8175
8176
8177
8179
8181
8182
8183
8184
8185
8187
8188
8189
8190
8191
8192
8193
8195
8197
8199
8200
8202
8203
8204
8205
8206
8207
8208
8211
8212
8213
8214
8216
8217
8219
8220
8223
8224
8226
8228
8229
8230
8231
8232
8233
8235
8236
8237
8239
8240
8242
8243
8244
8245
8247
8249
8250
8251
8252
8253
8254
8255
8256
8259
8260
8261
8262
8265
8266
8268
8269
8271
8272
8273
8275
8276
8277
8279
8280
8281
8282
8286
8287
8289
8290
8291
8294
8295
8297
8298
8300
8303
8304
8306
8308
8309
8310
8311
8313
8315
8316
8317
8318
8319
8320
8321
8322
8323
8325
8329
8334
8336
8338
8339
8343
8344
8345
8347
8348
8350
8351
8353
8354
8355
8356
8357
8358
8359
8360
8361
8362
8363
8364
8366
8368
8369
8372
8374
8375
8376
8377
8379
8381
8382
8384
8385
8386
8387
8388
8390
8391
8392
8393
8394
8395
8397
8398
8399
8400
8402
8404
8406
8407
8408
8409
8410
8412
8414
8415
8416
8418
8420
8421
8422
8423
8424
8425
8426
8427
8429
8430
8431
8432
8433
8434
8436
8437
8439
8440
8443
8444
8445
8446
8447
8449
8450
8451
8454
8455
8456
8457
8458
8459
8461
8462
8464
8465
8466
8470
8474
8475
8476
8477
8479
8480
8482
8484
8485
8487
8489
8490
8492
8493
8494
8495
8496
8497
8498
8499
8500
8501
8502
8504
8505
8506
8507
8508
8509
8511
8513
8515
8516
8518
8521
8523
8524
8525
8526
8527
8528
8529
8530
8532
8533
8534
8535
8536
8538
8539
8540
8541
8542
8543
8544
8545
8546
8548
8549
8550
8551
8553
8554
8555
8556
8557
8558
8559
8566
8568
8569
8570
8571
8572
8574
8575
8576
8577
8578
8579
8580
8581
8582
8584
8585
8586
8587
8588
8589
8590
8591
8592
8593
8594
8595
8600
8602
8604
8605
8606
8607
8608
8610
8611
8613
8614
8616
8618
8621
8622
8623
8624
8625
8626
8627
8628
8629
8631
8632
8635
8636
8637
8638
8641
8642
8643
8644
8645
8647
8648
8649
8650
8651
8652
8653
8654
8655
8657
8658
8659
8660
8662
8663
8664
8665
8667
8668
8669
8670
8671
8673
8674
8676
8677
8678
8679
8681
8682
8683
8684
8685
8689
8693
8695
8697
8698
8699
8700
8701
8702
8703
8704
8705
8708
8709
8710
8711
8712
8713
8714
8715
8716
8717
8718
8719
8720
8722
8723
8724
8725
8726
8727
8728
8729
8730
8731
8732
8734
8736
8739
8740
8741
8742
8743
8745
8746
8748
8749
8750
8751
8752
8753
8754
8756
8760
8761
8762
8763
8764
8765
8766
8767
8768
8769
8770
8773
8775
8776
8777
8778
8779
8781
8784
8786
8787
8789
8791
8792
8793
8794
8795
8798
8799
8800
8801
8802
8803
8804
8805
8806
8807
8808
8810
8812
8813
8814
8816
8818
8821
8822
8823
8824
8825
8826
8828
8829
8830
8831
8832
8833
8835
8836
8837
8838
8840
8841
8842
8843
8844
8845
8846
8847
8849
8850
8851
8852
8853
8854
8855
8856
8857
8858
8861
8862
8865
8867
8868
8870
8871
8872
8873
8876
8877
8878
8879
8880
8881
8882
8884
8885
8886
8887
8888
8889
8891
8892
8893
8894
8895
8896
8897
8898
8899
8900
8901
8902
8903
8904
8905
8906
8907
8908
8910
8911
8912
8913
8914
8916
8920
8921
8923
8924
8925
8926
8927
8928
8929
8930
8931
8933
8934
8935
8936
8937
8938
8939
8940
8941
8943
8945
8946
8947
8949
8950
8951
8952
8955
8956
8957
8958
8960
8961
8962
8963
8966
8967
8968
8969
8972
8973
8974
8975
8976
8977
8978
8983
8985
8988
8989
8990
8993
8994
8995
8996
8997
8998
8999
9000
9001
9002
9003
9006
9007
9009
9011
9012
9013
9016
9019
9020
9021
9022
9023
9026
9027
9029
9030
9032
9033
9036
9038
9039
9040
9042
9044
9045
9047
9048
9049
9050
9053
9054
9055
9056
9057
9059
9060
9062
9063
9064
9065
9070
9071
9074
9075
9077
9080
9081
9082
9083
9085
9086
9087
9089
9090
9092
9093
9097
9098
9101
9102
9104
9106
9107
9108
9109
9110
9112
9113
9114
9115
9116
9118
9120
9121
9123
9124
9125
9126
9127
9129
9130
9132
9134
9136
9137
9138
9140
9141
9142
9143
9145
9146
9147
9148
9149
9151
9152
9153
9154
9157
9158
9159
9160
9161
9163
9165
9166
9168
9169
9170
9171
9173
9174
9175
9176
9177
9178
9180
9181
9182
9186
9187
9190
9191
9192
9193
9194
9197
9198
9202
9203
9204
9205
9206
9207
9208
9211
9213
9214
9215
9217
9218
9220
9221
9222
9223
9225
9227
9228
9229
9230
9231
9232
9233
9234
9235
9236
9237
9238
9243
9244
9246
9247
9249
9251
9252
9255
9256
9257
9259
9260
9261
9262
9268
9269
9270
9271
9272
9273
9274
9276
9277
9278
9279
9280
9281
9282
9283
9284
9286
9287
9289
9290
9291
9292
9293
9294
9295
9297
9298
9300
9301
9303
9304
9305
9306
9307
9308
9309
9310
9311
9312
9313
9314
9315
9316
9317
9319
9320
9321
9322
9323
9325
9326
9327
9329
9333
9335
9337
9338
9339
9340
9341
9342
9343
9344
9345
9346
9347
9348
9349
9350
9351
9353
9358
9359
9360
9361
9362
9363
9364
9365
9366
9367
9368
9369
9370
9371
9374
9375
9376
9377
9378
9379
9380
9381
9382
9384
9385
9386
9387
9388
9389
9390
9391
9392
9395
9396
9397
9398
9399
9402
9405
9407
9409
9412
9413
9414
9415
9417
9418
9419
9420
9421
9424
9426
9429
9430
9431
9432
9434
9436
9437
9438
9441
9442
9443
9444
9445
9446
9447
9449
9450
9452
9454
9455
9457
9458
9459
9461
9462
9463
9464
9465
9467
9468
9469
9470
9471
9472
9473
9474
9475
9476
9477
9478
9479
9480
9482
9483
9484
9485
9486
9487
9488
9489
9491
9492
9493
9495
9497
9498
9501
9502
9503
9504
9505
9506
9507
9508
9509
9510
9512
9513
9514
9517
9518
9520
9522
9523
9524
9525
9529
9530
9532
9534
9535
9536
9539
9540
9543
9544
9545
9546
9547
9548
9549
9551
9552
9553
9554
9555
9556
9557
9558
9559
9560
9562
9564
9565
9566
9567
9568
9570
9571
9572
9573
9576
9577
9578
9579
9581
9582
9583
9584
9585
9587
9588
9589
9590
9594
9596
9597
9598
9599
9600
9601
9602
9603
9605
9606
9607
9608
9609
9610
9611
9612
9614
9616
9617
9618
9619
9620
9621
9622
9623
9624
9626
9627
9628
9629
9630
9631
9632
9633
9635
9636
9638
9639
9643
9644
9645
9647
9652
9653
9654
9656
9657
9658
9659
9660
9663
9664
9665
9666
9667
9671
9672
9673
9674
9675
9677
9678
9680
9683
9684
9685
9686
9687
9688
9689
9690
9691
9692
9693
9694
9696
9697
9698
9699
9700
9702
9704
9708
9709
9711
9712
9713
9714
9715
9716
9717
9718
9719
9721
9723
9724
9726
9727
9728
9729
9731
9732
9733
9735
9736
9737
9738
9740
9741
9742
9743
9744
9745
9746
9748
9749
9750
9752
9755
9756
9757
9758
9759
9760
9761
9762
9764
9767
9768
9769
9770
9771
9772
9773
9775
9777
9778
9779
9780
9781
9782
9783
9785
9786
9787
9788
9789
9791
9792
9793
9794
9796
9799
9800
9801
9802
9803
9804
9807
9809
9811
9812
9813
9814
9815
9816
9819
9822
9825
9827
9828
9830
9831
9832
9833
9835
9836
9837
9838
9839
9840
9841
9842
9844
9845
9846
9848
9849
9850
9851
9853
9855
9858
9859
9860
9862
9864
9865
9866
9867
9868
9869
9870
9871
9872
9873
9876
9877
9878
9880
9881
9882
9883
9884
9885
9886
9887
9888
9889
9891
9893
9898
9901
9902
9904
9906
9907
9908
9910
9912
9916
9920
9922
9923
9926
9927
9928
9929
9930
9931
9933
9936
9937
9938
9939
9940
9942
9943
9944
9946
9948
9950
9954
9955
9957
9958
9959
9960
9961
9962
9963
9965
9966
9967
9968
9969
9970
9971
9972
9973
9976
9977
9978
9979
9980
9981
9984
9985
9988
9990
9991
9993
9994
9995
9996
9998
9999
10000
10001
10003
10004
10005
10006
10007
10010
10012
10013
10014
10015
10016
10018
10019
10022
10023
10025
10026
10027
10029
10030
10031
10033
10035
10036
10037
10038
10039
10040
10041
10042
10043
10046
10047
10048
10049
10050
10051
10052
10054
10055
10056
10057
10058
10059
10060
10061
10063
10064
10065
10066
10067
10068
10069
10070
10071
10072
10073
10074
10075
10077
10078
10079
10082
10083
10084
10085
10086
10087
10088
10090
10093
10094
10095
10096
10097
10098
10100
10101
10104
10105
10106
10107
10108
10109
10113
10114
10115
10116
10117
10118
10119
10120
10121
10123
10124
10125
10126
10127
10128
10129
10131
10135
10136
10138
10142
10145
10146
10148
10149
10151
10152
10153
10155
10156
10157
10158
10159
10160
10161
10162
10163
10165
10166
10168
10170
10172
10173
10174
10175
10177
10180
10181
10182
10183
10184
10185
10188
10189
10190
10191
10192
10193
10194
10195
10196
10197
10198
10199
10200
10201
10202
10203
10204
10206
10207
10208
10209
10210
10211
10212
10214
10215
10216
10217
10218
10219
10220
10221
10222
10223
10226
10227
10228
10229
10230
10231
10232
10233
10234
10235
10236
10237
10239
10240
10241
10244
10245
10246
10249
10250
10252
10253
10254
10255
10256
10257
10258
10260
10261
10263
10264
10265
10267
10268
10269
10270
10271
10272
10273
10274
10275
10276
10277
10280
10282
10285
10286
10287
10288
10290
10291
10293
10295
10297
10298
10299
10300
10302
10304
10305
10306
10308
10310
10313
10314
10315
10316
10318
10320
10321
10322
10323
10324
10329
10330
10337
10340
10341
10343
10344
10345
10347
10349
10350
10352
10354
10356
10360
10361
10363
10364
10366
10370
10371
10372
10373
10374
10375
10376
10377
10378
10379
10380
10381
10382
10383
10384
10386
10387
10388
10389
10390
10392
10393
10394
10396
10399
10400
10401
10402
10403
10404
10405
10406
10407
10408
10409
10411
10412
10414
10416
10417
10419
10420
10422
10423
10424
10425
10427
10428
10429
10431
10432
10433
10434
10436
10437
10438
10439
10442
10443
10445
10446
10447
10448
10449
10450
10452
10453
10457
10459
10460
10461
10464
10465
10466
10467
10469
10472
10473
10476
10477
10478
10480
10481
10483
10487
10488
10491
10492
10493
10494
10495
10496
10498
10499
10500
10501
10502
10503
10504
10505
10506
10508
10509
10510
10512
10513
10514
10515
10516
10517
10519
10521
10522
10525
10526
10529
10530
10531
10533
10536
10537
10539
10540
10544
10545
10546
10547
10548
10549
10551
10552
10554
10555
10556
10557
10558
10560
10561
10562
10565
10566
10567
10568
10569
10570
10571
10572
10574
10575
10576
10577
10581
10582
10584
10585
10586
10590
10591
10593
10594
10595
10596
10597
10598
10600
10601
10603
10604
10605
10607
10610
10611
10614
10615
10616
10617
10618
10621
10622
10624
10625
10628
10630
10631
10632
10634
10635
10637
10640
10641
10642
10643
10644
10646
10651
10652
10653
10654
10657
10658
10659
10660
10662
10663
10664
10667
10669
10671
10673
10674
10676
10677
10679
10680
10681
10682
10683
10684
10685
10687
10688
10689
10690
10691
10692
10693
10694
10695
10697
10698
10699
10700
10703
10704
10705
10706
10709
10710
10711
10712
10713
10714
10715
10716
10717
10719
10720
10722
10723
10724
10726
10727
10729
10730
10731
10732
10733
10734
10736
10737
10738
10739
10740
10741
10742
10744
10745
10746
10748
10749
10751
10754
10756
10757
10758
10759
10760
10761
10762
10764
10765
10766
10767
10768
10769
10770
10771
10772
10773
10774
10776
10777
10779
10781
10782
10784
10785
10786
10787
10788
10791
10792
10793
10795
10796
10797
10798
10800
10801
10802
10803
10804
10805
10806
10807
10808
10809
10813
10814
10815
10817
10818
10819
10821
10822
10823
10825
10826
10827
10828
10836
10838
10840
10841
10842
10843
10844
10845
10846
10847
10848
10849
10850
10851
10853
10854
10856
10857
10858
10859
10861
10862
10863
10864
10865
10866
10869
10870
10871
10872
10873
10875
10876
10877
10878
10879
10880
10881
10882
10883
10884
10885
10886
10889
10890
10891
10892
10893
10894
10895
10896
10898
10899
10900
10901
10904
10905
10906
10907
10908
10910
10912
10913
10914
10915
10916
10918
10920
10922
10923
10924
10925
10926
10928
10929
10934
10935
10936
10937
10938
10939
10940
10941
10943
10944
10945
10946
10948
10949
10950
10953
10954
10955
10956
10957
10959
10960
10961
10962
10963
10965
10969
10971
10973
10974
10976
10977
10978
10980
10982
10984
10985
10986
10987
10988
10989
10990
10991
10992
10994
10995
10996
10997
10998
10999
11001
11002
11005
11006
11007
11008
11010
11011
11012
11013
11016
11017
11018
11019
11020
11022
11024
11025
11026
11027
11028
11029
11031
11032
11033
11034
11035
11036
11037
11038
11039
11040
11041
11042
11043
11044
11045
11046
11047
11048
11051
11052
11054
11055
11056
11058
11060
11062
11063
11064
11065
11066
11067
11069
11070
11071
11072
11073
11074
11075
11076
11077
11079
11082
11084
11085
11086
11087
11088
11090
11091
11093
11094
11095
11096
11097
11099
11100
11101
11102
11103
11104
11105
11106
11107
11108
11109
11110
11111
11112
11113
11114
11115
11116
11117
11120
11122
11123
11124
11125
11126
11127
11128
11129
11130
11131
11132
11133
11134
11135
11136
11137
11140
11141
11142
11143
11144
11145
11146
11147
11150
11151
11152
11153
11154
11155
11156
11157
11158
11160
11161
11163
11164
11165
11166
11167
11169
11170
11171
11173
11174
11175
11176
11177
11178
11179
11180
11181
11182
11184
11185
11186
11187
11188
11189
11191
11194
11195
11196
11197
11198
11200
11201
11202
11203
11204
11205
11207
11209
11211
11212
11213
11214
11217
11220
11222
11223
11224
11225
11226
11228
11229
11230
11231
11233
11234
11235
11236
11237
11238
11240
11242
11243
11244
11245
11247
11248
11249
11250
11251
11252
11253
11255
11256
11257
11258
11260
11261
11262
11263
11264
11265
11267
11271
11272
11273
11274
11275
11276
11279
11280
11284
11285
11286
11287
11288
11289
11291
11292
11293
11294
11295
11296
11297
11298
11299
11300
11301
11302
11304
11305
11306
11308
11312
11313
11314
11315
11316
11317
11318
11319
11320
11321
11322
11323
11325
11327
11328
11329
11330
11331
11333
11335
11336
11337
11338
11339
11340
11341
11342
11343
11345
11348
11349
11351
11352
11354
11355
11356
11358
11359
11360
11361
11362
11363
11364
11365
11366
11367
11372
11374
11375
11376
11379
11381
11384
11385
11386
11388
11389
11390
11392
11393
11394
11395
11397
11400
11401
11402
11404
11405
11406
11407
11409
11410
11411
11412
11413
11414
11418
11421
11423
11424
11425
11426
11427
11429
11431
11432
11433
11434
11435
11438
11439
11442
11444
11447
11448
11449
11450
11453
11454
11455
11456
11457
11459
11460
11461
11463
11465
11466
11469
11470
11472
11474
11476
11478
11481
11482
11483
11484
11485
11486
11487
11488
11489
11490
11492
11493
11494
11495
11496
11497
11499
11500
11501
11502
11503
11505
11508
11509
11510
11511
11512
11513
11514
11515
11516
11517
11518
11519
11520
11521
11522
11525
11527
11528
11530
11531
11532
11533
11534
11535
11537
11538
11540
11541
11542
11543
11544
11545
11546
11547
11548
11549
11551
11552
11553
11554
11555
11557
11558
11559
11560
11563
11565
11566
11567
11570
11571
11572
11573
11575
11576
11577
11578
11579
11581
11583
11584
11585
11587
11588
11590
11591
11592
11597
11598
11600
11602
11604
11605
11607
11608
11609
11610
11611
11612
11613
11614
11615
11616
11618
11619
11621
11622
11623
11626
11628
11629
11630
11631
11632
11634
11636
11640
11641
11642
11643
11644
11646
11647
11648
11649
11650
11651
11652
11653
11654
11656
11658
11659
11660
11661
11662
11663
11665
11666
11667
11669
11670
11671
11672
11673
11674
11675
11676
11678
11680
11681
11682
11684
11687
11688
11689
11690
11691
11693
11694
11695
11696
11697
11699
11700
11702
11704
11707
11708
11709
11711
11712
11713
11714
11715
11716
11717
11719
11720
11723
11724
11725
11726
11728
11729
11730
11731
11732
11735
11737
11739
11740
11741
11742
11744
11746
11749
11750
11751
11752
11753
11754
11756
11758
11759
11760
11761
11764
11766
11767
11768
11770
11771
11772
11774
11775
11776
11777
11778
11779
11780
11782
11783
11786
11787
11788
11789
11790
11791
11792
11794
11796
11800
11804
11805
11806
11808
11809
11811
11812
11815
11816
11817
11818
11820
11821
11822
11823
11824
11825
11826
11827
11828
11829
11830
11831
11832
11835
11836
11838
11839
11840
11841
11843
11844
11847
11850
11851
11853
11854
11855
11856
11858
11860
11861
11864
11866
11867
11868
11869
11870
11873
11874
11876
11877
11878
11883
11884
11887
11888
11891
11892
11893
11896
11897
11898
11899
11902
11903
11904
11908
11909
11910
11911
11912
11916
11917
11918
11919
11920
11921
11924
11929
11930
11931
11932
11933
11935
11936
11937
11938
11939
11940
11941
11942
11943
11944
11946
11947
11948
11950
11952
11953
11954
11955
11956
11957
11958
11962
11963
11964
11965
11967
11968
11969
11970
11972
11973
11976
11977
11978
11979
11981
11982
11983
11984
11986
11987
11989
11992
11993
11994
11995
11996
11999
12000
12001
12003
12004
12005
12006
12007
12008
12010
12011
12012
12014
12018
12020
12023
12024
12027
12028
12029
12030
12032
12033
12035
12036
12037
12038
12040
12043
12044
12045
12046
12047
12048
12049
12051
12052
12053
12054
12055
12056
12057
12059
12060
12062
12063
12064
12065
12066
12067
12068
12069
12070
12071
12072
12073
12074
12076
12078
12079
12080
12082
12083
12084
12086
12087
12091
12092
12094
12095
12096
12097
12099
12100
12102
12103
12104
12106
12107
12108
12109
12110
12111
12112
12114
12115
12116
12117
12120
12121
12123
12124
12127
12128
12130
12132
12134
12135
12137
12138
12139
12140
12144
12145
12146
12147
12149
12150
12151
12152
12153
12154
12155
12158
12159
12160
12162
12164
12167
12168
12169
12170
12171
12172
12173
12175
12178
12179
12180
12181
12182
12183
12184
12185
12186
12187
12188
12189
12190
12192
12193
12194
12195
12198
12200
12201
12202
12203
12205
12206
12207
12208
12209
12210
12212
12220
12221
12222
12223
12225
12227
12229
12230
12231
12232
12234
12235
12236
12238
12240
12242
12243
12245
12246
12247
12248
12250
12251
12253
12254
12255
12256
12258
12260
12261
12262
12264
12266
12268
12269
12270
12271
12272
12273
12278
12280
12281
12282
12286
12287
12289
12290
12291
12292
12293
12294
12295
12298
12299
12301
12302
12303
12304
12309
12310
12311
12312
12313
12315
12316
12317
12318
12319
12320
12321
12322
12324
12325
12326
12327
12331
12333
12334
12335
12337
12338
12340
12342
12344
12347
12348
12350
12351
12352
12353
12354
12355
12356
12358
12359
12361
12362
12363
12364
12368
12369
12370
12372
12373
12374
12375
12377
12380
12381
12382
12383
12384
12385
12387
12388
12389
12391
12392
12393
12394
12396
12397
12400
12401
12402
12403
12404
12407
12408
12409
12410
12412
12413
12414
12415
12416
12417
12420
12421
12422
12423
12424
12425
12427
12428
12429
12431
12432
12433
12434
12435
12438
12443
12444
12446
12447
12450
12451
12452
12453
12455
12456
12458
12459
12460
12461
12463
12464
12466
12467
12469
12471
12473
12474
12475
12476
12477
12478
12480
12482
12483
12486
12487
12490
12493
12494
12495
12496
12497
12498
12499
12500
12501
12502
12503
12504
12507
12508
12509
12510
12513
12514
12515
12516
12518
12520
12521
12522
12523
12524
12525
12526
12527
12528
12530
12532
12533
12534
12535
12537
12538
12539
12540
12543
12544
12546
12548
12550
12551
12552
12553
12554
12555
12556
12558
12559
12564
12567
12568
12570
12572
12573
12574
12576
12577
12580
12583
12585
12586
12587
12588
12589
12592
12593
12594
12595
12596
12598
12600
12602
12604
12606
12607
12608
12609
12610
12611
12612
12613
12614
12616
12617
12619
12620
12622
12623
12624
12625
12627
12629
12630
12631
12633
12634
12636
12638
12639
12641
12643
12645
12646
12647
12648
12654
12656
12657
12659
12660
12661
12662
12664
12665
12666
12667
12668
12669
12670
12672
12673
12675
12677
12678
12680
12681
12682
12684
12685
12688
12689
12692
12693
12695
12696
12697
12700
12701
12702
12704
12705
12708
12710
12711
12713
12714
12715
12716
12717
12718
12719
12720
12722
12723
12724
12725
12726
12727
12730
12731
12732
12733
12734
12735
12736
12737
12740
12741
12742
12743
12744
12746
12748
12749
12750
12753
12755
12759
12760
12762
12765
12767
12768
12769
12771
12772
12774
12775
12777
12779
12780
12782
12783
12784
12785
12786
12787
12789
12791
12793
12794
12795
12797
12798
12799
12800
12801
12802
12803
12804
12805
12806
12807
12808
12809
12810
12811
12815
12818
12819
12820
12822
12823
12824
12825
12826
12828
12829
12831
12832
12834
12836
12837
12838
12839
12840
12841
12844
12845
12846
12847
12848
12852
12853
12854
12855
12858
12861
12865
12867
12873
12874
12877
12878
12879
12881
12882
12883
12884
12885
12887
12888
12889
12890
12891
12893
12895
12896
12897
12899
12900
12901
12902
12903
12904
12905
12908
12909
12914
12917
12918
12919
12920
12921
12923
12925
12926
12927
12929
12930
12931
12932
12934
12935
12939
12942
12943
12944
12945
12946
12947
12948
12949
12950
12952
12953
12954
12956
12957
12959
12960
12961
12964
12965
12967
12968
12969
12970
12971
12974
12975
12976
12977
12979
12980
12981
12982
12983
12985
12986
12988
12989
12990
12991
12992
12994
12995
12998
13000
13001
13002
13003
13004
13006
13009
13011
13013
13014
13016
13018
13019
13020
13022
13023
13024
13025
13026
13027
13029
13030
13031
13032
13033
13034
13040
13041
13043
13048
13049
13051
13054
13056
13057
13058
13059
13060
13061
13062
13063
13064
13065
13066
13067
13069
13070
13071
13073
13074
13076
13077
13078
13080
13081
13082
13084
13085
13087
13088
13089
13090
13094
13095
13100
13101
13102
13103
13105
13106
13108
13109
13111
13112
13114
13115
13116
13117
13118
13120
13121
13123
13125
13126
13127
13128
13129
13130
13131
13132
13133
13134
13135
13136
13137
13138
13139
13140
13141
13143
13146
13147
13148
13149
13150
13152
13155
13156
13157
13160
13161
13162
13164
13165
13169
13170
13171
13173
13178
13180
13181
13182
13185
13186
13187
13189
13192
13193
13194
13195
13196
13200
13201
13203
13205
13206
13208
13209
13210
13211
13212
13213
13214
13215
13221
13222
13223
13224
13225
13226
13227
13228
13229
13230
13233
13234
13235
13236
13238
13239
13240
13241
13242
13243
13244
13246
13247
13249
13250
13251
13252
13253
13254
13255
13256
13257
13258
13259
13260
13261
13262
13263
13264
13265
13266
13267
13268
13269
13270
13271
13272
13274
13275
13276
13277
13279
13281
13282
13284
13285
13286
13287
13288
13289
13290
13291
13293
13294
13295
13296
13297
13298
13299
13300
13301
13302
13304
13307
13310
13311
13312
13313
13314
13315
13316
13317
13318
13319
13321
13323
13324
13328
13329
13331
13332
13333
13334
13336
13337
13338
13339
13342
13343
13344
13345
13347
13348
13349
13350
13351
13352
13353
13354
13355
13356
13358
13359
13361
13363
13367
13369
13370
13371
13372
13373
13375
13376
13377
13378
13380
13381
13382
13384
13385
13386
13387
13388
13389
13390
13393
13394
13395
13396
13397
13399
13401
13402
13403
13405
13406
13407
13408
13410
13411
13412
13414
13415
13416
13417
13418
13419
13420
13421
13422
13423
13424
13425
13426
13427
13428
13430
13431
13434
13435
13436
13437
13438
13439
13440
13441
13442
13443
13444
13445
13447
13450
13451
13452
13453
13454
13455
13456
13458
13459
13460
13461
13462
13463
13464
13465
13466
13467
13468
13469
13470
13471
13472
13473
13474
13475
13476
13477
13478
13479
13480
13481
13482
13483
13484
13485
13486
13487
13488
13489
13491
13492
13494
13495
13496
13497
13498
13499
13500
13501
13502
13503
13504
13505
13506
13507
13508
13509
13510
13511
13512
13513
13514
13515
13516
13517
13518
13519
13521
13522
13523
13525
13526
13527
13528
13530
13531
13532
13533
13534
13535
13536
13538
13540
13541
13542
13543
13544
13545
13546
13547
13548
13549
13551
13552
13553
13554
13555
13556
13557
13559
13560
13562
13564
13565
13566
13567
13568
13570
13572
13573
13574
13575
13577
13578
13579
13581
13583
13585
13586
13587
13588
13589
13590
13591
13592
13593
13594
13595
13596
13599
13600
13602
13603
13604
13605
13606
13607
13608
13609
13610
13611
13612
13613
13614
13615
13616
13617
13618
13619
13620
13621
13622
13623
13625
13626
13627
13628
13629
13630
13631
13632
13634
13635
13637
13638
13639
13640
13641
13642
13643
13644
13645
13647
13648
13650
13651
13652
13654
13655
13656
13657
13658
13659
13660
13661
13663
13664
13665
13666
13667
13668
13669
13670
13671
13672
13673
13674
13676
13677
13678
13679
13680
13681
13682
13683
13684
13685
13687
13688
13689
13690
13692
13693
13694
13695
13696
13697
13699
13700
13701
13703
13704
13706
13707
13708
13709
13710
13711
13712
13713
13714
13715
13716
13717
13718
13719
13720
13721
13722
13723
13724
13725
13726
13727
13728
13729
13730
13731
13732
13733
13734
13736
13737
13739
13740
13742
13743
13744
13745
13746
13748
13749
13750
13751
13752
13753
13754
13755
13757
13758
13759
13761
13763
13764
13765
13766
13767
13768
13769
13770
13771
13772
13773
13774
13776
13777
13778
13779
13780
13783
13784
13786
13787
13788
13789
13790
13791
13792
13794
13795
13796
13797
13798
13799
13800
13801
13802
13803
13806
13807
13808
13812
13818
13820
13821
13822
13823
13824
13825
13826
13827
13828
13829
13830
13831
13832
13833
13835
13836
13837
13838
13839
13840
13841
13843
13844
13846
13847
13848
13849
13850
13851
13852
13853
13854
13855
13856
13857
13860
13861
13862
13864
13865
13866
13867
13868
13870
13871
13872
13876
13877
13878
13879
13880
13881
13882
13883
13885
13886
13887
13888
13889
13890
13891
13892
13893
13894
13895
13896
13897
13898
13899
13900
13901
13902
13903
13904
13905
13907
13909
13911
13912
13913
13914
13918
13919
13920
13921
13922
13924
13925
13927
13929
13930
13931
13933
13934
13935
13937
13939
13940
13941
13942
13943
13945
13946
13947
13948
13949
13950
13951
13952
13953
13954
13955
13956
13957
13959
13960
13961
13962
13963
13964
13965
13966
13967
13968
13969
13970
13972
13973
13974
13975
13977
13979
13980
13981
13982
13983
13985
13986
13987
13988
13989
13992
13994
13995
13996
13997
13998
13999
14000
14001
14002
14003
14004
14005
14006
14007
14008
14009
14010
14012
14013
14014
14015
14017
14020
14021
14023
14025
14026
14028
14029
14030
14031
14033
14034
14035
14036
14037
14038
14039
14040
14042
14043
14044
14045
14047
14049
14050
14051
14052
14053
14055
14056
14058
14059
14060
14061
14062
14063
14064
14065
14067
14070
14071
14072
14073
14074
14075
14077
14078
14079
14080
14081
14083
14084
14085
14086
14087
14088
14089
14090
14091
14092
14094
14095
14096
14097
14098
14099
14100
14101
14103
14104
14105
14106
14107
14108
14109
14110
14112
14113
14114
14116
14117
14118
14121
14122
14123
14124
14125
14126
14127
14128
14129
14130
14131
14132
14133
14134
14135
14136
14137
14138
14141
14142
14143
14145
14146
14147
14148
14149
14150
14151
14152
14153
14155
14156
14157
14158
14159
14161
14162
14163
14164
14165
14167
14168
14169
14170
14171
14172
14173
14174
14175
14176
14178
14179
14180
14181
14182
14184
14185
14187
14188
14191
14192
14193
14194
14195
14196
14197
14198
14199
14200
14201
14202
14203
14204
14205
14206
14207
14208
14209
14210
14211
14212
14213
14214
14215
14216
14217
14218
14219
14220
14221
14224
14225
14226
14227
14228
14229
14230
14231
14233
14234
14235
14236
14237
14238
14239
14240
14241
14242
14243
14245
14246
14248
14249
14250
14251
14252
14253
14254
14255
14256
14258
14259
14260
14261
14262
14263
14264
14265
14266
14267
14268
14269
14270
14271
14272
14273
14275
14276
14277
14278
14279
14280
14281
14282
14283
14284
14285
14286
14287
14288
14289
14290
14291
14293
14294
14295
14296
14297
14298
14299
14300
14301
14302
14303
14305
14306
14307
14308
14309
14310
14311
14312
14313
14314
14315
14316
14317
14318
14320
14321
14322
14323
14326
14327
14328
14329
14331
14332
14333
14334
14335
14336
14337
14338
14341
14342
14343
14344
14345
14346
14347
14349
14350
14351
14352
14354
14355
14356
14357
14358
14359
14360
14361
14362
14363
14365
14367
14369
14370
14371
14372
14373
14374
14375
14376
14379
14380
14381
14382
14383
14384
14386
14388
14389
14390
14391
14392
14393
14395
14396
14398
14399
14401
14402
14403
14406
14407
14408
14409
14410
14411
14412
14413
14414
14415
14416
14417
14418
14419
14420
14422
14423
14424
14426
14427
14428
14429
14430
14431
14432
14433
14435
14436
14437
14438
14439
14440
14442
14444
14447
14449
14450
14451
14452
14454
14455
14456
14457
14458
14459
14460
14461
14462
14464
14465
14466
14468
14469
14470
14471
14472
14473
14475
14477
14478
14479
14480
14481
14482
14483
14484
14486
14487
14488
14489
14490
14491
14492
14494
14496
14497
14498
14499
14500
14501
14502
14503
14504
14505
14506
14508
14509
14510
14511
14512
14513
14514
14515
14516
14517
14518
14519
14520
14521
14522
14523
14525
14527
14528
14529
14530
14532
14534
14535
14536
14538
14540
14541
14542
14543
14544
14545
14546
14548
14550
14552
14553
14554
14556
14557
14558
14559
14560
14561
14562
14563
14564
14565
14566
14568
14570
14571
14572
14575
14576
14577
14579
14580
14581
14582
14583
14584
14585
14586
14587
14588
14589
14590
14591
14592
14593
14594
14595
14596
14597
14598
14599
14600
14601
14602
14603
14604
14605
14606
14607
14608
14609
14610
14611
14613
14614
14615
14616
14617
14618
14619
14620
14622
14623
14624
14625
14626
14628
14629
14630
14631
14632
14633
14634
14635
14636
14637
14638
14639
14640
14641
14642
14643
14644
14645
14646
14647
14648
14649
14650
14651
14652
14653
14654
14655
14656
14657
14658
14659
14660
14661
14662
14663
14664
14665
14666
14667
14668
14669
14670
14671
14672
14673
14674
14675
14676
14677
14678
14679
14680
14681
14682
14683
14684
14685
14686
14687
14688
14689
14690
14691
14692
14693
14694
14695
14696
14697
14698
14699
14700
14701
14702
14703
14704
14705
14706
14707
14708
14709
14710
14711
14712
14713
14714
14715
14716
14717
14718
14719
14720
14721
14722
14723
14724
14726
14727
14729
14730
14731
14732
14733
14734
14735
14736
14737
14738
14739
14740
14741
14743
14744
14745
14746
14747
14748
14749
14750
14751
14752
14753
14754
14755
14756
14757
14758
14759
14760
14761
14762
14763
14764
14765
14766
14767
14768
14769
14770
14771
14772
14773
14774
14775
14776
14777
14778
14779
14780
14781
14782
14783
14784
14785
14786
14787
14788
14789
14790
14791
14792
14794
14795
14796
14798
14799
14800
14801
14802
14803
14804
14805
14806
14807
14808
14809
14810
14811
14812
14813
14814
14815
14816
14817
14818
14819
14821
14822
14823
14824
14825
14826
14827
14828
14829
14830
14831
14832
14833
14834
14835
14836
14837
14838
14839
14840
14841
14842
14843
14844
14845
14846
14847
14848
14849
14850
14851
14852
14853
14854
14855
14856
14857
14858
14859
14860
14861
14862
14863
14864
14865
14866
14867
14868
14869
14870
14871
14872
14873
14874
14875
14876
14877
14878
14879
14880
14881
14882
14883
14884
14885
14886
14887
14888
14889
14890
14891
14892
14893
14894
14897
14898
14899
14900
14901
14902
14903
14904
14905
14906
14907
14910
14911
14912
14913
14914
14915
14916
14919
14920
14921
14922
14923
14924
14925
14926
14927
14928
14929
14930
14931
14932
14933
14934
14935
14936
14937
14938
14939
14940
14941
14942
14943
14944
14946
14947
14948
14949
14950
14951
14952
14953
14954
14955
14956
14957
14958
14959
14960
14961
14962
14963
14964
14965
14966
14967
14968
14969
14970
14972
14973
14974
14975
14976
14977
14978
14979
14980
14981
14982
14983
14984
14985
14986
14987
14988
14989
14990
14991
14992
14993
14994
14995
14996
14997
14998
14999
15000
15001
15002
15003
15004
15006
15007
15008
15009
15010
15011
15012
15013
15014
15015
15016
15017
15018
15019
15020
15021
15022
15023
15024
15025
15026
15027
15028
15029
15030
15031
15032
15033
15034
15035
15036
15037
15038
15039
15040
15041
15042
15043
15044
15045
15046
15047
15048
15049
15050
15051
15052
15053
15054
15055
15056
15057
15058
15059
15060
15061
15062
15063
15064
15065
15066
15067
15068
15069
15070
15071
15072
15073
15074
15075
15076
15077
15078
15079
15080
15081
15083
15084
15085
15086
15087
15088
15089
15090
15091
15092
15094
15095
15096
15097
15098
15099
15100
15101
15102
15103
15104
15105
15106
15107
15108
15109
15110
15111
15112
15113
15114
15115
15116
15117
15118
15119
15120
15121
15122
15123
15124
15125
15126
15127
15128
15129
15130
15131
15132
15133
15134
15135
15136
15137
15138
15140
15141
15142
15143
15144
15145
15146
15147
15148
15149
15150
15151
15152
15153
15154
15155
15156
15157
15158
15159
15160
15161
15162
15163
15164
15165
15166
15167
15168
15169
15170
15171
15172
15173
15174
15175
15176
15177
15178
15179
15181
15182
15183
15184
15185
15186
15187
15188
15189
15190
15191
15192
15193
15194
15195
15196
15198
15199
15200
15201
15202
15203
15204
15205
15206
15208
15209
15210
15211
15214
15215
15217
15218
15219
15220
15221
15222
15223
15224
15225
15226
15227
15229
15230
15231
15232
15233
15234
15235
15236
15237
15238
15239
15241
15242
15243
15244
15245
15247
15248
15249
15250
15251
15252
15253
15254
15255
15256
15257
15258
15259
15260
15261
15262
15263
15264
15265
15266
15267
15268
15271
15272
15273
15274
15275
15277
15278
15279
15280
15281
15282
15284
15285
15286
15287
15288
15290
15291
15292
15293
15294
15295
15296
15297
15299
15300
15301
15302
15303
15304
15305
15306
15307
15308
15309
15310
15311
15313
15314
15315
15316
15317
15318
15319
15320
15321
15322
15323
15324
15325
15326
15327
15328
15329
15330
15331
15332
15333
15334
15335
15336
15337
15338
15339
15340
15341
15342
15343
15344
15345
15347
15348
15349
15350
15351
15352
15353
15354
15355
15356
15357
15358
15359
15360
15361
15362
15363
15364
15365
15366
15367
15368
15369
15371
15372
15373
15374
15375
15377
15378
15379
15380
15381
15382
15383
15384
15385
15386
15387
15389
15390
15391
15392
15393
15394
15395
15396
15397
15398
15399
15400
15402
15403
15404
15405
15406
15407
15408
15409
15410
15411
15412
15413
15414
15415
15416
15417
15418
15419
15420
15421
15422
15423
15424
15425
15426
15427
15428
15429
15430
15431
15432
15433
15434
15435
15436
15437
15438
15439
15440
15441
15442
15443
15444
15445
15446
15447
15448
15449
15450
15451
15452
15453
15454
15455
15456
15457
15458
15459
15460
15461
15462
15463
15464
15465
15466
15467
15468
15469
15471
15472
15474
15475
15476
15477
15478
15479
15480
15481
15482
15483
15484
15485
15486
15487
15488
15489
15490
15491
15492
15493
15494
15495
15496
15497
15498
15499
15500
15501
15502
15503
15504
15505
15506
15507
15508
15509
15511
15512
15513
15514
15515
15516
15517
15518
15519
15520
15521
15522
15523
15524
15525
15526
15527
15528
15529
15530
15531
15532
15533
15535
15536
15537
15539
15540
15541
15542
15543
15544
15545
15546
15548
15549
15550
15551
15552
15553
15554
15555
15556
15557
15558
15559
15560
15561
15562
15563
15564
15565
15566
15567
15568
15569
15570
15571
15572
15573
15574
15575
15576
15577
15578
15579
15580
15581
15583
15584
15585
15586
15587
15588
15589
15590
15591
15593
15594
15595
15596
15597
15598
15599
15600
15601
15602
15603
15604
15605
15606
15607
15608
15609
15610
15611
15612
15613
15614
15615
15616
15617
15618
15619
15620
15621
15622
15623
15624
15625
15626
15627
15628
15629
15630
15631
15632
15633
15634
15635
15636
15637
15638
15639
15640
15641
15642
15643
15644
15645
15646
15647
15648
15649
15650
15651
15652
15653
15654
15655
15656
15657
15658
15659
15660
15661
15662
15663
15665
15666
15668
15669
15670
15671
15672
15673
15674
15675
15676
15677
15678
15679
15680
15681
15682
15683
15684
15685
15687
15688
15690
15691
15692
15693
15694
15695
15697
15698
15699
15700
15701
15702
15703
15705
15707
15708
15710
15711
15712
15713
15716
15717
15718
15719
15720
15721
15722
15723
15725
15726
15727
15728
15729
15731
15733
15735
15738
15739
15740
15741
15742
15743
15744
15745
15746
15748
15749
15750
15751
15752
15753
15754
15755
15756
15757
15759
15760
15761
15762
15763
15764
15766
15767
15768
15769
15770
15771
15772
15773
15774
15775
15776
15777
15778
15779
15780
15781
15783
15784
15785
15786
15787
15788
15789
15790
15791
15793
15794
15795
15796
15797
15798
15799
15800
15801
15802
15803
15804
15805
15806
15807
15808
15809
15811
15812
15813
15814
15815
15816
15817
15818
15819
15820
15821
15822
15823
15824
15825
15826
15827
15828
15829
15830
15831
15832
15833
15834
15835
15836
15837
15838
15839
15840
15841
15842
15843
15844
15845
15847
15848
15849
15850
15851
15852
15853
15854
15856
15859
15860
15861
15862
15863
15864
15865
15866
15867
15868
15869
15870
15871
15872
15873
15874
15875
15876
15878
15879
15880
15881
15882
15883
15884
15885
15886
15887
15888
15889
15890
15891
15892
15893
15894
15896
15897
15898
15899
15900
15901
15902
15903
15904
15905
15906
15907
15908
15909
15910
15911
15912
15913
15915
15916
15917
15918
15919
15920
15921
15922
15923
15924
15925
15927
15928
15929
15930
15931
15932
15933
15934
15935
15936
15937
15938
15939
15940
15941
15942
15943
15945
15946
15948
15949
15950
15951
15952
15953
15955
15956
15957
15959
15960
15961
15962
15963
15964
15965
15966
15967
15968
15969
15970
15972
15973
15974
15975
15976
15977
15978
15979
15980
15981
15982
15983
15984
15985
15986
15987
15988
15989
15990
15991
15992
15993
15994
15995
15996
15997
15998
15999
16000
16001
16002
16003
16004
16005
16006
16007
16008
16009
16010
16011
16012
16013
16014
16016
16017
16018
16019
16020
16021
16022
16023
16024
16025
16026
16028
16029
16030
16031
16032
16033
16035
16036
16037
16038
16040
16041
16042
16043
16044
16045
16046
16047
16048
16049
16050
16051
16052
16053
16054
16055
16056
16058
16059
16061
16062
16063
16064
16065
16066
16067
16068
16069
16070
16071
16072
16073
16074
16075
16076
16077
16078
16079
16080
16081
16082
16083
16084
16085
16086
16087
16088
16089
16092
16094
16095
16096
16097
16098
16099
16100
16101
16102
16103
16104
16105
16106
16107
16108
16109
16110
16111
16112
16113
16114
16115
16116
16117
16118
16119
16120
16121
16122
16123
16124
16126
16127
16128
16129
16130
16131
16132
16133
16134
16135
16136
16137
16138
16139
16140
16142
16143
16144
16145
16146
16147
16149
16150
16151
16153
16154
16155
16156
16157
16158
16159
16160
16161
16162
16163
16164
16165
16166
16167
16168
16169
16170
16171
16172
16173
16174
16175
16176
16177
16178
16179
16180
16181
16182
16183
16184
16185
16186
16187
16188
16189
16190
16191
16192
16193
16194
16195
16196
16197
16198
16199
16200
16201
16202
16203
16204
16205
16206
16207
16208
16209
16210
16211
16212
16213
16214
16215
16216
16217
16218
16219
16220
16221
16222
16223
16224
16225
16227
16228
16229
16230
16231
16232
16233
16234
16235
16236
16237
16238
16239
16241
16242
16243
16244
16245
16246
16248
16249
16250
16251
16252
16253
16254
16255
16256
16257
16258
16259
16260
16261
16263
16264
16265
16266
16267
16268
16269
16271
16272
16273
16274
16276
16277
16278
16279
16280
16281
16282
16283
16284
16285
16286
16287
16288
16289
16290
16291
16292
16293
16295
16296
16297
16298
16299
16300
16301
16302
16303
16304
16305
16306
16307
16308
16309
16310
16311
16312
16313
16314
16315
16316
16319
16320
16322
16323
16324
16325
16326
16327
16328
16329
16330
16331
16332
16333
16334
16335
16338
16341
16343
16344
16345
16346
16347
16348
16350
16351
16352
16353
16354
16355
16356
16357
16358
16359
16361
16364
16365
16366
16367
16368
16369
16370
16371
16373
16374
16377
16378
16379
16380
16381
16382
16385
16386
16387
16388
16389
16390
16392
16394
16396
16397
16398
16399
16401
16402
16403
16405
16406
16407
16409
16410
16411
16412
16413
16414
16415
16416
16417
16418
16420
16421
16422
16423
16424
16425
16426
16427
16428
16429
16431
16433
16434
16435
16436
16437
16438
16439
16440
16441
16442
16443
16444
16445
16448
16449
16450
16451
16452
16454
16455
16456
16457
16460
16461
16463
16464
16465
16466
16467
16468
16469
16471
16472
16473
16474
16475
16476
16477
16478
16479
16481
16482
16483
16484
16485
16486
16487
16488
16489
16490
16492
16493
16495
16496
16497
16498
16499
16500
16501
16502
16503
16506
16507
16508
16509
16510
16512
16513
16515
16516
16517
16518
16520
16521
16522
16524
16525
16527
16530
16532
16533
16534
16535
16536
16537
16538
16539
16540
16542
16543
16544
16545
16547
16548
16549
16550
16551
16553
16554
16555
16556
16557
16558
16559
16560
16561
16562
16563
16564
16565
16566
16567
16568
16569
16570
16572
16574
16575
16576
16578
16579
16580
16581
16582
16583
16584
16585
16586
16587
16588
16589
16590
16591
16592
16593
16594
16596
16597
16598
16599
16600
16602
16603
16604
16605
16606
16607
16608
16609
16610
16611
16612
16613
16615
16616
16617
16618
16619
16620
16621
16622
16624
16626
16627
16628
16629
16630
16632
16634
16635
16636
16637
16638
16640
16641
16642
16643
16644
16645
16647
16648
16649
16651
16652
16653
16654
16656
16657
16658
16659
16660
16662
16664
16665
16666
16667
16668
16669
16670
16671
16672
16673
16674
16675
16676
16677
16678
16679
16680
16681
16682
16683
16684
16685
16686
16688
16689
16690
16691
16692
16693
16694
16695
16696
16697
16698
16699
16700
16701
16702
16703
16704
16705
16706
16709
16710
16711
16712
16713
16714
16715
16716
16718
16720
16721
16722
16723
16724
16725
16726
16727
16728
16729
16730
16731
16735
16736
16737
16738
16739
16740
16742
16743
16744
16745
16746
16747
16749
16751
16752
16754
16755
16756
16757
16758
16759
16760
16761
16762
16763
16764
16765
16766
16767
16768
16769
16770
16771
16772
16773
16774
16775
16776
16778
16779
16780
16781
16784
16785
16787
16788
16789
16790
16791
16792
16793
16795
16796
16797
16798
16799
16801
16802
16803
16804
16805
16806
16807
16808
16809
16810
16811
16814
16815
16817
16819
16820
16821
16822
16823
16824
16825
16827
16828
16829
16830
16831
16833
16834
16835
16836
16837
16838
16839
16840
16841
16842
16843
16844
16845
16846
16847
16848
16849
16850
16851
16852
16853
16854
16855
16856
16857
16858
16859
16861
16863
16864
16865
16869
16870
16871
16872
16873
16874
16875
16876
16877
16878
16879
16880
16882
16883
16884
16885
16886
16887
16888
16889
16890
16891
16892
16893
16894
16895
16896
16897
16898
16899
16900
16901
16902
16903
16904
16905
16906
16908
16909
16910
16911
16912
16913
16914
16915
16916
16917
16918
16919
16920
16921
16922
16923
16925
16926
16927
16928
16929
16930
16931
16932
16933
16936
16937
16938
16939
16941
16942
16943
16945
16947
16948
16949
16950
16951
16952
16953
16954
16955
16956
16957
16958
16960
16961
16962
16965
16967
16968
16969
16970
16971
16972
16975
16977
16978
16980
16981
16982
16983
16984
16985
16986
16987
16988
16989
16991
16992
16995
16996
16997
16998
16999
17001
17003
17005
17007
17008
17009
17010
17013
17014
17017
17018
17020
17021
17022
17023
17024
17025
17027
17028
17030
17031
17032
17034
17035
17036
17037
17039
17040
17041
17042
17043
17044
17045
17046
17047
17048
17050
17052
17053
17054
17057
17058
17060
17061
17064
17065
17066
17067
17068
17069
17073
17074
17075
17076
17077
17079
17080
17082
17083
17084
17085
17086
17087
17088
17089
17090
17091
17092
17094
17095
17096
17097
17098
17099
17100
17102
17103
17104
17105
17106
17108
17110
17111
17112
17114
17115
17116
17117
17120
17121
17122
17123
17124
17125
17126
17127
17128
17129
17130
17131
17134
17135
17136
17137
17138
17140
17142
17143
17145
17146
17147
17148
17149
17150
17151
17152
17153
17155
17158
17159
17160
17161
17162
17163
17164
17165
17166
17167
17169
17170
17171
17172
17173
17174
17175
17176
17177
17179
17181
17182
17184
17185
17186
17187
17190
17191
17192
17193
17194
17195
17196
17197
17198
17199
17200
17201
17202
17203
17204
17205
17206
17207
17208
17210
17211
17212
17213
17215
17216
17218
17219
17220
17221
17222
17223
17225
17226
17227
17228
17230
17231
17235
17236
17237
17238
17239
17240
17242
17243
17246
17247
17248
17249
17250
17253
17255
17256
17257
17259
17260
17261
17262
17263
17264
17265
17266
17267
17268
17270
17271
17273
17274
17275
17276
17277
17278
17279
17280
17282
17283
17284
17285
17286
17287
17288
17289
17290
17291
17292
17293
17294
17295
17296
17297
17298
17299
17301
17303
17304
17305
17306
17307
17308
17309
17310
17311
17313
17314
17315
17316
17317
17318
17319
17320
17321
17322
17323
17324
17325
17326
17327
17328
17330
17331
17332
17334
17335
17337
17338
17340
17341
17342
17343
17344
17345
17347
17349
17350
17352
17353
17354
17355
17356
17357
17358
17359
17360
17361
17362
17363
17364
17366
17367
17368
17369
17370
17372
17373
17374
17375
17376
17377
17378
17380
17382
17383
17384
17385
17386
17387
17388
17390
17391
17392
17393
17394
17396
17398
17399
17400
17402
17404
17405
17406
17407
17411
17412
17413
17414
17415
17416
17418
17419
17421
17423
17424
17425
17426
17427
17428
17430
17431
17432
17433
17434
17435
17436
17437
17439
17440
17441
17442
17443
17444
17445
17446
17447
17448
17450
17452
17455
17456
17457
17458
17460
17461
17462
17463
17464
17466
17468
17469
17470
17472
17473
17476
17477
17478
17479
17480
17482
17484
17485
17486
17487
17488
17489
17490
17491
17493
17494
17495
17496
17497
17498
17499
17500
17501
17502
17503
17507
17509
17510
17511
17512
17513
17514
17515
17516
17517
17518
17519
17520
17521
17523
17524
17525
17526
17527
17528
17529
17531
17532
17533
17534
17535
17536
17537
17538
17539
17541
17543
17545
17546
17547
17548
17549
17550
17551
17553
17554
17556
17557
17558
17559
17562
17563
17564
17565
17566
17567
17569
17570
17571
17572
17573
17574
17575
17576
17577
17578
17579
17580
17581
17582
17583
17584
17585
17586
17587
17588
17591
17592
17593
17594
17595
17596
17599
17600
17601
17602
17603
17604
17605
17606
17607
17609
17610
17611
17612
17614
17615
17617
17618
17619
17620
17621
17622
17624
17625
17626
17627
17628
17629
17630
17632
17634
17635
17636
17637
17640
17641
17642
17643
17644
17645
17646
17648
17649
17650
17652
17653
17654
17655
17656
17657
17658
17659
17661
17662
17664
17669
17670
17671
17672
17673
17674
17675
17677
17679
17680
17681
17682
17685
17687
17688
17689
17690
17691
17692
17693
17694
17695
17696
17697
17698
17699
17701
17702
17703
17704
17705
17706
17708
17710
17711
17712
17713
17715
17716
17717
17718
17719
17721
17722
17723
17724
17725
17726
17727
17728
17730
17731
17732
17733
17734
17736
17737
17739
17740
17741
17742
17743
17744
17745
17746
17747
17748
17749
17750
17751
17752
17753
17754
17755
17758
17759
17760
17761
17762
17763
17764
17765
17766
17767
17768
17769
17770
17772
17773
17774
17775
17776
17777
17778
17780
17781
17782
17783
17784
17785
17787
17788
17790
17791
17792
17794
17796
17797
17798
17799
17800
17801
17802
17803
17804
17805
17809
17810
17811
17812
17814
17815
17816
17817
17819
17820
17821
17822
17823
17825
17826
17828
17830
17831
17832
17833
17834
17835
17838
17841
17842
17843
17844
17845
17846
17847
17848
17849
17851
17852
17853
17854
17855
17857
17859
17860
17861
17862
17863
17864
17865
17866
17867
17870
17871
17872
17875
17876
17877
17878
17879
17880
17882
17883
17885
17886
17887
17888
17889
17890
17891
17892
17893
17894
17896
17897
17898
17900
17901
17902
17903
17905
17906
17907
17908
17909
17911
17912
17913
17914
17915
17916
17918
17919
17920
17922
17923
17924
17925
17926
17927
17928
17929
17931
17933
17935
17936
17937
17939
17940
17941
17942
17943
17944
17945
17946
17947
17948
17949
17952
17953
17955
17956
17958
17959
17960
17961
17962
17963
17964
17965
17966
17967
17968
17969
17970
17971
17972
17973
17974
17975
17976
17977
17979
17980
17981
17982
17983
17984
17986
17987
17988
17990
17991
17994
17995
17996
17997
17998
18000
18001
18003
18007
18008
18009
18010
18011
18012
18013
18014
18015
18016
18017
18018
18019
18020
18021
18023
18025
18026
18029
18030
18031
18032
18033
18035
18037
18040
18041
18042
18043
18044
18045
18047
18048
18049
18050
18051
18052
18053
18054
18055
18056
18057
18058
18059
18060
18062
18064
18066
18068
18070
18072
18073
18074
18075
18077
18078
18079
18081
18082
18083
18085
18086
18087
18089
18090
18091
18092
18093
18094
18095
18096
18097
18098
18099
18100
18101
18103
18105
18107
18108
18109
18110
18111
18113
18114
18117
18118
18119
18120
18122
18123
18124
18125
18126
18128
18132
18133
18134
18135
18137
18139
18140
18141
18143
18144
18145
18146
18147
18149
18150
18151
18153
18154
18155
18156
18157
18158
18159
18160
18162
18163
18164
18166
18167
18169
18171
18172
18173
18175
18176
18177
18178
18179
18180
18181
18182
18183
18184
18185
18186
18187
18188
18189
18190
18191
18193
18194
18195
18196
18197
18198
18199
18201
18202
18203
18204
18205
18206
18208
18209
18210
18212
18213
18214
18215
18216
18217
18218
18220
18221
18222
18223
18224
18225
18226
18227
18228
18229
18230
18231
18232
18234
18235
18236
18237
18238
18239
18240
18241
18242
18243
18245
18246
18247
18248
18249
18251
18252
18253
18254
18255
18257
18258
18259
18260
18261
18262
18263
18265
18266
18267
18268
18269
18270
18271
18273
18275
18276
18277
18278
18279
18280
18281
18282
18284
18285
18286
18287
18290
18293
18294
18295
18296
18297
18298
18300
18301
18302
18303
18304
18306
18307
18308
18309
18310
18311
18312
18313
18314
18315
18316
18318
18319
18320
18321
18322
18323
18324
18325
18326
18327
18328
18329
18330
18332
18333
18334
18335
18336
18338
18339
18340
18341
18342
18343
18344
18345
18346
18347
18348
18349
18350
18351
18352
18353
18354
18355
18358
18359
18360
18361
18362
18363
18365
18366
18367
18368
18369
18370
18371
18372
18373
18374
18375
18377
18378
18379
18382
18383
18384
18385
18386
18388
18389
18390
18391
18392
18393
18394
18395
18396
18397
18398
18400
18401
18402
18404
18405
18406
18407
18408
18409
18410
18411
18412
18413
18414
18416
18417
18418
18419
18420
18421
18422
18423
18424
18425
18426
18428
18429
18430
18431
18432
18436
18439
18440
18441
18444
18445
18446
18447
18448
18449
18451
18452
18453
18454
18455
18456
18457
18459
18460
18461
18462
18463
18464
18465
18469
18470
18471
18472
18473
18474
18475
18476
18477
18478
18479
18480
18481
18482
18483
18485
18486
18487
18488
18489
18490
18492
18493
18496
18498
18499
18501
18503
18504
18505
18506
18507
18508
18509
18512
18514
18515
18516
18517
18518
18519
18520
18521
18522
18523
18524
18525
18526
18527
18528
18530
18531
18532
18533
18534
18535
18537
18538
18539
18540
18542
18543
18544
18545
18546
18548
18549
18550
18551
18552
18553
18554
18555
18556
18557
18558
18559
18560
18561
18562
18563
18564
18565
18566
18567
18568
18569
18570
18571
18572
18573
18575
18577
18578
18579
18581
18583
18584
18585
18586
18587
18588
18589
18590
18591
18593
18594
18595
18596
18597
18598
18599
18600
18601
18602
18603
18604
18605
18606
18607
18608
18609
18610
18612
18614
18616
18618
18619
18620
18621
18622
18623
18624
18625
18626
18627
18628
18629
18630
18631
18632
18634
18636
18637
18639
18640
18641
18643
18644
18645
18646
18647
18649
18650
18651
18652
18653
18655
18656
18657
18658
18659
18660
18661
18662
18663
18664
18665
18666
18667
18668
18669
18670
18671
18672
18673
18675
18677
18678
18679
18680
18681
18682
18683
18684
18686
18687
18688
18689
18690
18691
18693
18694
18696
18697
18698
18699
18700
18701
18702
18703
18704
18705
18706
18708
18709
18711
18712
18713
18714
18715
18716
18717
18718
18719
18720
18722
18724
18725
18726
18727
18728
18729
18731
18733
18734
18735
18736
18737
18739
18740
18742
18743
18744
18745
18746
18747
18750
18751
18752
18753
18755
18756
18758
18760
18762
18763
18764
18765
18766
18767
18769
18770
18771
18772
18773
18774
18775
18776
18777
18779
18780
18781
18782
18783
18784
18785
18786
18787
18788
18789
18790
18791
18792
18793
18794
18795
18796
18798
18799
18800
18801
18802
18803
18804
18805
18806
18807
18809
18810
18811
18812
18813
18815
18816
18818
18819
18820
18822
18823
18824
18825
18826
18827
18828
18829
18830
18832
18833
18834
18835
18837
18838
18839
18840
18841
18842
18843
18845
18846
18847
18848
18849
18850
18851
18852
18853
18854
18855
18856
18858
18860
18862
18864
18865
18867
18868
18869
18870
18871
18872
18873
18874
18875
18876
18877
18878
18879
18880
18881
18882
18883
18884
18885
18886
18887
18888
18889
18891
18892
18893
18894
18895
18896
18897
18898
18899
18900
18901
18902
18903
18905
18906
18907
18908
18909
18910
18911
18914
18915
18916
18917
18918
18920
18921
18923
18925
18926
18927
18929
18930
18933
18934
18935
18936
18937
18938
18939
18941
18942
18943
18945
18946
18947
18949
18952
18954
18955
18956
18957
18958
18960
18962
18964
18966
18967
18968
18969
18970
18972
18973
18974
18975
18976
18977
18978
18979
18981
18982
18983
18985
18987
18988
18989
18990
18991
18992
18995
18996
18997
18998
18999
19000
19004
19005
19007
19008
19011
19012
19013
19014
19015
19017
19018
19019
19020
19021
19022
19023
19024
19025
19027
19029
19030
19031
19032
19033
19034
19035
19036
19037
19038
19039
19040
19042
19043
19044
19045
19046
19047
19048
19049
19050
19051
19052
19054
19056
19058
19060
19061
19062
19063
19064
19065
19066
19067
19068
19069
19070
19071
19072
19073
19074
19075
19078
19079
19081
19083
19084
19085
19087
19088
19089
19090
19091
19092
19093
19094
19095
19097
19098
19099
19100
19101
19102
19103
19104
19105
19107
19108
19109
19110
19111
19112
19115
19116
19119
19120
19121
19122
19123
19124
19125
19126
19127
19128
19129
19130
19131
19133
19134
19136
19137
19138
19139
19140
19141
19142
19143
19144
19145
19146
19147
19148
19150
19151
19152
19154
19156
19157
19158
19159
19160
19161
19162
19163
19164
19166
19168
19169
19171
19172
19174
19176
19177
19178
19179
19180
19181
19182
19183
19184
19185
19187
19188
19189
19190
19193
19195
19196
19197
19198
19199
19200
19201
19202
19203
19204
19205
19208
19209
19210
19211
19212
19213
19214
19215
19216
19217
19218
19219
19222
19224
19226
19228
19229
19230
19231
19232
19233
19234
19235
19236
19237
19238
19239
19240
19241
19243
19244
19245
19246
19247
19248
19249
19250
19251
19252
19253
19254
19255
19256
19257
19258
19259
19260
19261
19264
19265
19266
19267
19268
19269
19270
19272
19273
19274
19275
19276
19277
19278
19279
19280
19281
19282
19283
19284
19287
19288
19289
19290
19291
19292
19293
19295
19296
19297
19298
19299
19300
19301
19302
19303
19304
19305
19306
19307
19308
19309
19310
19312
19313
19318
19319
19320
19321
19322
19323
19324
19325
19326
19327
19329
19330
19331
19332
19333
19334
19335
19336
19337
19339
19340
19341
19342
19343
19344
19345
19346
19347
19348
19349
19350
19351
19352
19353
19354
19355
19356
19357
19358
19359
19360
19361
19363
19365
19366
19367
19368
19369
19371
19374
19375
19376
19377
19378
19379
19380
19381
19382
19383
19384
19385
19387
19389
19390
19392
19393
19394
19395
19396
